0.00000000e+00 0.00000000e+00 1.00000000e+00
1.00000000e-02 9.99983333e-03 9.99950000e-01
2.00000000e-02 1.99986667e-02 9.99800007e-01
3.00000000e-02 2.99955002e-02 9.99550034e-01
4.00000000e-02 3.99893342e-02 9.99200107e-01
5.00000000e-02 4.99791693e-02 9.98750260e-01
6.00000000e-02 5.99640065e-02 9.98200540e-01
7.00000000e-02 6.99428473e-02 9.97551000e-01
8.00000000e-02 7.99146940e-02 9.96801706e-01
9.00000000e-02 8.98785492e-02 9.95952733e-01
1.00000000e-01 9.98334166e-02 9.95004165e-01
1.10000000e-01 1.09778301e-01 9.93956098e-01
1.20000000e-01 1.19712207e-01 9.92808636e-01
1.30000000e-01 1.29634143e-01 9.91561894e-01
1.40000000e-01 1.39543115e-01 9.90215996e-01
1.50000000e-01 1.49438132e-01 9.88771078e-01
1.60000000e-01 1.59318207e-01 9.87227283e-01
1.70000000e-01 1.69182349e-01 9.85584767e-01
1.80000000e-01 1.79029573e-01 9.83843693e-01
1.90000000e-01 1.88858895e-01 9.82004235e-01
2.00000000e-01 1.98669331e-01 9.80066578e-01
2.10000000e-01 2.08459900e-01 9.78030915e-01
2.20000000e-01 2.18229623e-01 9.75897449e-01
2.30000000e-01 2.27977524e-01 9.73666395e-01
2.40000000e-01 2.37702626e-01 9.71337975e-01
2.50000000e-01 2.47403959e-01 9.68912422e-01
2.60000000e-01 2.57080552e-01 9.66389978e-01
2.70000000e-01 2.66731437e-01 9.63770896e-01
2.80000000e-01 2.76355649e-01 9.61055438e-01
2.90000000e-01 2.85952225e-01 9.58243876e-01
3.00000000e-01 2.95520207e-01 9.55336489e-01
3.10000000e-01 3.05058636e-01 9.52333570e-01
3.20000000e-01 3.14566561e-01 9.49235418e-01
3.30000000e-01 3.24043028e-01 9.46042344e-01
3.40000000e-01 3.33487092e-01 9.42754666e-01
3.50000000e-01 3.42897807e-01 9.39372713e-01
3.60000000e-01 3.52274233e-01 9.35896824e-01
3.70000000e-01 3.61615432e-01 9.32327346e-01
3.80000000e-01 3.70920469e-01 9.28664636e-01
3.90000000e-01 3.80188415e-01 9.24909060e-01
4.00000000e-01 3.89418342e-01 9.21060994e-01
4.10000000e-01 3.98609328e-01 9.17120823e-01
4.20000000e-01 4.07760453e-01 9.13088940e-01
4.30000000e-01 4.16870802e-01 9.08965750e-01
4.40000000e-01 4.25939465e-01 9.04751663e-01
4.50000000e-01 4.34965534e-01 9.00447102e-01
4.60000000e-01 4.43948107e-01 8.96052498e-01
4.70000000e-01 4.52886285e-01 8.91568288e-01
4.80000000e-01 4.61779176e-01 8.86994923e-01
4.90000000e-01 4.70625888e-01 8.82332859e-01
5.00000000e-01 4.79425539e-01 8.77582562e-01
5.10000000e-01 4.88177247e-01 8.72744508e-01
5.20000000e-01 4.96880138e-01 8.67819180e-01
5.30000000e-01 5.05533341e-01 8.62807071e-01
5.40000000e-01 5.14135992e-01 8.57708681e-01
5.50000000e-01 5.22687229e-01 8.52524522e-01
5.60000000e-01 5.31186198e-01 8.47255111e-01
5.70000000e-01 5.39632049e-01 8.41900975e-01
5.80000000e-01 5.48023937e-01 8.36462650e-01
5.90000000e-01 5.56361023e-01 8.30940679e-01
6.00000000e-01 5.64642473e-01 8.25335615e-01
6.10000000e-01 5.72867460e-01 8.19648018e-01
6.20000000e-01 5.81035160e-01 8.13878457e-01
6.30000000e-01 5.89144758e-01 8.08027508e-01
6.40000000e-01 5.97195441e-01 8.02095758e-01
6.50000000e-01 6.05186406e-01 7.96083799e-01
6.60000000e-01 6.13116852e-01 7.89992232e-01
6.70000000e-01 6.20985987e-01 7.83821666e-01
6.80000000e-01 6.28793024e-01 7.77572719e-01
6.90000000e-01 6.36537182e-01 7.71246015e-01
7.00000000e-01 6.44217687e-01 7.64842187e-01
7.10000000e-01 6.51833771e-01 7.58361876e-01
7.20000000e-01 6.59384672e-01 7.51805729e-01
7.30000000e-01 6.66869635e-01 7.45174402e-01
7.40000000e-01 6.74287912e-01 7.38468559e-01
7.50000000e-01 6.81638760e-01 7.31688869e-01
7.60000000e-01 6.88921445e-01 7.24836011e-01
7.70000000e-01 6.96135239e-01 7.17910670e-01
7.80000000e-01 7.03279419e-01 7.10913538e-01
7.90000000e-01 7.10353272e-01 7.03845316e-01
8.00000000e-01 7.17356091e-01 6.96706709e-01
8.10000000e-01 7.24287174e-01 6.89498433e-01
8.20000000e-01 7.31145830e-01 6.82221207e-01
8.30000000e-01 7.37931371e-01 6.74875760e-01
8.40000000e-01 7.44643120e-01 6.67462826e-01
8.50000000e-01 7.51280405e-01 6.59983146e-01
8.60000000e-01 7.57842563e-01 6.52437468e-01
8.70000000e-01 7.64328937e-01 6.44826547e-01
8.80000000e-01 7.70738879e-01 6.37151144e-01
8.90000000e-01 7.77071747e-01 6.29412027e-01
9.00000000e-01 7.83326910e-01 6.21609968e-01
9.10000000e-01 7.89503740e-01 6.13745750e-01
9.20000000e-01 7.95601620e-01 6.05820157e-01
9.30000000e-01 8.01619941e-01 5.97833982e-01
9.40000000e-01 8.07558100e-01 5.89788025e-01
9.50000000e-01 8.13415505e-01 5.81683090e-01
9.60000000e-01 8.19191568e-01 5.73519986e-01
9.70000000e-01 8.24885713e-01 5.65299531e-01
9.80000000e-01 8.30497370e-01 5.57022547e-01
9.90000000e-01 8.36025979e-01 5.48689861e-01
1.00000000e+00 8.41470985e-01 5.40302306e-01


0.00000000e+00 0.00000000e+00 1.00000000e+00
1.00000000e-02 9.99933333e-03 9.99800007e-01
2.00000000e-02 1.99946671e-02 9.99200107e-01
3.00000000e-02 2.99820032e-02 9.98200540e-01
4.00000000e-02 3.99573469e-02 9.96801706e-01
5.00000000e-02 4.99167083e-02 9.95004165e-01
6.00000000e-02 5.98561036e-02 9.92808636e-01
7.00000000e-02 6.97715572e-02 9.90215996e-01
8.00000000e-02 7.96591032e-02 9.87227283e-01
9.00000000e-02 8.95147866e-02 9.83843693e-01
1.00000000e-01 9.93346653e-02 9.80066578e-01
1.10000000e-01 1.09114811e-01 9.75897449e-01
1.20000000e-01 1.18851313e-01 9.71337975e-01
1.30000000e-01 1.28540276e-01 9.66389978e-01
1.40000000e-01 1.38177824e-01 9.61055438e-01
1.50000000e-01 1.47760103e-01 9.55336489e-01
1.60000000e-01 1.57283280e-01 9.49235418e-01
1.70000000e-01 1.66743546e-01 9.42754666e-01
1.80000000e-01 1.76137116e-01 9.35896824e-01
1.90000000e-01 1.85460234e-01 9.28664636e-01
2.00000000e-01 1.94709171e-01 9.21060994e-01
2.10000000e-01 2.03880226e-01 9.13088941e-01
2.20000000e-01 2.12969732e-01 9.04751663e-01
2.30000000e-01 2.21974053e-01 8.96052498e-01
2.40000000e-01 2.30889587e-01 8.86994923e-01
2.50000000e-01 2.39712769e-01 8.77582562e-01
2.60000000e-01 2.48440069e-01 8.67819180e-01
2.70000000e-01 2.57067996e-01 8.57708682e-01
2.80000000e-01 2.65593099e-01 8.47255111e-01
2.90000000e-01 2.74011968e-01 8.36462650e-01
3.00000000e-01 2.82321236e-01 8.25335615e-01
3.10000000e-01 2.90517580e-01 8.13878457e-01
3.20000000e-01 2.98597720e-01 8.02095758e-01
3.30000000e-01 3.06558426e-01 7.89992232e-01
3.40000000e-01 3.14396512e-01 7.77572719e-01
3.50000000e-01 3.22108843e-01 7.64842188e-01
3.60000000e-01 3.29692336e-01 7.51805730e-01
3.70000000e-01 3.37143955e-01 7.38468559e-01
3.80000000e-01 3.44460722e-01 7.24836011e-01
3.90000000e-01 3.51639709e-01 7.10913539e-01
4.00000000e-01 3.58678045e-01 6.96706710e-01
4.10000000e-01 3.65572914e-01 6.82221208e-01
4.20000000e-01 3.72321560e-01 6.67462827e-01
4.30000000e-01 3.78921281e-01 6.52437469e-01
4.40000000e-01 3.85369439e-01 6.37151145e-01
4.50000000e-01 3.91663454e-01 6.21609969e-01
4.60000000e-01 3.97800810e-01 6.05820158e-01
4.70000000e-01 4.03779050e-01 5.89788026e-01
4.80000000e-01 4.09595784e-01 5.73519987e-01
4.90000000e-01 4.15248685e-01 5.57022548e-01
5.00000000e-01 4.20735492e-01 5.40302307e-01
5.10000000e-01 4.26054011e-01 5.23365952e-01
5.20000000e-01 4.31202113e-01 5.06220258e-01
5.30000000e-01 4.36177741e-01 4.88872083e-01
5.40000000e-01 4.40978903e-01 4.71328365e-01
5.50000000e-01 4.45603680e-01 4.53596123e-01
5.60000000e-01 4.50050221e-01 4.35682448e-01
5.70000000e-01 4.54316748e-01 4.17594505e-01
5.80000000e-01 4.58401554e-01 3.99339531e-01
5.90000000e-01 4.62303006e-01 3.80924826e-01
6.00000000e-01 4.66019543e-01 3.62357756e-01
6.10000000e-01 4.69549678e-01 3.43645748e-01
6.20000000e-01 4.72891999e-01 3.24796286e-01
6.30000000e-01 4.76045171e-01 3.05816910e-01
6.40000000e-01 4.79007930e-01 2.86715211e-01
6.50000000e-01 4.81779092e-01 2.67498830e-01
6.60000000e-01 4.84357550e-01 2.48175453e-01
6.70000000e-01 4.86742271e-01 2.28752810e-01
6.80000000e-01 4.88932301e-01 2.09238668e-01
6.90000000e-01 4.90926765e-01 1.89640833e-01
7.00000000e-01 4.92724865e-01 1.69967145e-01
7.10000000e-01 4.94325881e-01 1.50225472e-01
7.20000000e-01 4.95729174e-01 1.30423711e-01
7.30000000e-01 4.96934182e-01 1.10569782e-01
7.40000000e-01 4.97940422e-01 9.06716264e-02
7.50000000e-01 4.98747493e-01 7.07372037e-02
7.60000000e-01 4.99355072e-01 5.07744870e-02
7.70000000e-01 4.99762915e-01 3.07914611e-02
7.80000000e-01 4.99970860e-01 1.07961191e-02
7.90000000e-01 4.99978823e-01 -9.20354116e-03
8.00000000e-01 4.99786802e-01 -2.91995202e-02
8.10000000e-01 4.99394872e-01 -4.91838198e-02
8.20000000e-01 4.98803191e-01 -6.91484465e-02
8.30000000e-01 4.98011995e-01 -8.90854147e-02
8.40000000e-01 4.97021601e-01 -1.08986750e-01
8.50000000e-01 4.95832405e-01 -1.28844492e-01
8.60000000e-01 4.94444883e-01 -1.48650698e-01
8.70000000e-01 4.92859590e-01 -1.68397446e-01
8.80000000e-01 4.91077159e-01 -1.88076837e-01
8.90000000e-01 4.89098304e-01 -2.07680999e-01
9.00000000e-01 4.86923816e-01 -2.27202092e-01
9.10000000e-01 4.84554565e-01 -2.46632308e-01
9.20000000e-01 4.81991498e-01 -2.65963873e-01
9.30000000e-01 4.79235642e-01 -2.85189057e-01
9.40000000e-01 4.76288097e-01 -3.04300169e-01
9.50000000e-01 4.73150044e-01 -3.23289564e-01
9.60000000e-01 4.69822737e-01 -3.42149649e-01
9.70000000e-01 4.66307507e-01 -3.60872878e-01
9.80000000e-01 4.62605761e-01 -3.79451762e-01
9.90000000e-01 4.58718978e-01 -3.97878871e-01
1.00000000e+00 4.54648714e-01 -4.16146834e-01


0.00000000e+00 0.00000000e+00 1.00000000e+00
1.00000000e-02 9.99850000e-03 9.99550034e-01
2.00000000e-02 1.99880020e-02 9.98200540e-01
3.00000000e-02 2.99595162e-02 9.95952733e-01
4.00000000e-02 3.99040688e-02 9.92808636e-01
5.00000000e-02 4.98127105e-02 9.88771078e-01
6.00000000e-02 5.96765241e-02 9.83843693e-01
7.00000000e-02 6.94866328e-02 9.78030915e-01
8.00000000e-02 7.92342083e-02 9.71337975e-01
9.00000000e-02 8.89104783e-02 9.63770897e-01
1.00000000e-01 9.85067349e-02 9.55336490e-01
1.10000000e-01 1.08014342e-01 9.46042344e-01
1.20000000e-01 1.17424744e-01 9.35896824e-01
1.30000000e-01 1.26729471e-01 9.24909061e-01
1.40000000e-01 1.35920150e-01 9.13088941e-01
1.50000000e-01 1.44988510e-01 9.00447104e-01
1.60000000e-01 1.53926391e-01 8.86994924e-01
1.70000000e-01 1.62725748e-01 8.72744509e-01
1.80000000e-01 1.71378663e-01 8.57708683e-01
1.90000000e-01 1.79877348e-01 8.41900977e-01
2.00000000e-01 1.88214157e-01 8.25335617e-01
2.10000000e-01 1.96381585e-01 8.08027511e-01
2.20000000e-01 2.04372283e-01 7.89992234e-01
2.30000000e-01 2.12179060e-01 7.71246018e-01
2.40000000e-01 2.19794889e-01 7.51805732e-01
2.50000000e-01 2.27212919e-01 7.31688872e-01
2.60000000e-01 2.34426472e-01 7.10913542e-01
2.70000000e-01 2.41429057e-01 6.89498437e-01
2.80000000e-01 2.48214372e-01 6.67462830e-01
2.90000000e-01 2.54776311e-01 6.44826552e-01
3.00000000e-01 2.61108969e-01 6.21609973e-01
3.10000000e-01 2.67206646e-01 5.97833987e-01
3.20000000e-01 2.73063855e-01 5.73519991e-01
3.30000000e-01 2.78675325e-01 5.48689866e-01
3.40000000e-01 2.84036006e-01 5.23365957e-01
3.50000000e-01 2.89141074e-01 4.97571054e-01
3.60000000e-01 2.93985934e-01 4.71328371e-01
3.70000000e-01 2.98566227e-01 4.44661523e-01
3.80000000e-01 3.02877831e-01 4.17594511e-01
3.90000000e-01 3.06916865e-01 3.90151692e-01
4.00000000e-01 3.10679694e-01 3.62357762e-01
4.10000000e-01 3.14162933e-01 3.34237735e-01
4.20000000e-01 3.17363446e-01 3.05816916e-01
4.30000000e-01 3.20278354e-01 2.77120883e-01
4.40000000e-01 3.22905033e-01 2.48175460e-01
4.50000000e-01 3.25241119e-01 2.19006696e-01
4.60000000e-01 3.27284509e-01 1.89640840e-01
4.70000000e-01 3.29033366e-01 1.60104321e-01
4.80000000e-01 3.30486116e-01 1.30423718e-01
4.90000000e-01 3.31641450e-01 1.00625743e-01
5.00000000e-01 3.32498329e-01 7.07372117e-02
5.10000000e-01 3.33055982e-01 4.07850215e-02
5.20000000e-01 3.33313907e-01 1.07961276e-02
5.30000000e-01 3.33271872e-01 -1.92024822e-02
5.40000000e-01 3.32929915e-01 -4.91838110e-02
5.50000000e-01 3.32288343e-01 -7.91208777e-02
5.60000000e-01 3.31347734e-01 -1.08986741e-01
5.70000000e-01 3.30108935e-01 -1.38754523e-01
5.80000000e-01 3.28573060e-01 -1.68397436e-01
5.90000000e-01 3.26741492e-01 -1.97888803e-01
6.00000000e-01 3.24615878e-01 -2.27202083e-01
6.10000000e-01 3.22198132e-01 -2.56310896e-01
6.20000000e-01 3.19490429e-01 -2.85189047e-01
6.30000000e-01 3.16495206e-01 -3.13810547e-01
6.40000000e-01 3.13215159e-01 -3.42149639e-01
6.50000000e-01 3.09653240e-01 -3.70180819e-01
6.60000000e-01 3.05812653e-01 -3.97878861e-01
6.70000000e-01 3.01696856e-01 -4.25218840e-01
6.80000000e-01 2.97309552e-01 -4.52176150e-01
6.90000000e-01 2.92654690e-01 -4.78726532e-01
7.00000000e-01 2.87736458e-01 -5.04846092e-01
7.10000000e-01 2.82559282e-01 -5.30511325e-01
7.20000000e-01 2.77127823e-01 -5.55699134e-01
7.30000000e-01 2.71446967e-01 -5.80386851e-01
7.40000000e-01 2.65521827e-01 -6.04552259e-01
7.50000000e-01 2.59357735e-01 -6.28173611e-01
7.60000000e-01 2.52960239e-01 -6.51229649e-01
7.70000000e-01 2.46335096e-01 -6.73699624e-01
7.80000000e-01 2.39488268e-01 -6.95563315e-01
7.90000000e-01 2.32425916e-01 -7.16801046e-01
8.00000000e-01 2.25154397e-01 -7.37393704e-01
8.10000000e-01 2.17680255e-01 -7.57322758e-01
8.20000000e-01 2.10010214e-01 -7.76570273e-01
8.30000000e-01 2.02151179e-01 -7.95118926e-01
8.40000000e-01 1.94110221e-01 -8.12952027e-01
8.50000000e-01 1.85894577e-01 -8.30053525e-01
8.60000000e-01 1.77511641e-01 -8.46408032e-01
8.70000000e-01 1.68968956e-01 -8.62000828e-01
8.80000000e-01 1.60274210e-01 -8.76817881e-01
8.90000000e-01 1.51435229e-01 -8.90845858e-01
9.00000000e-01 1.42459966e-01 -9.04072134e-01
9.10000000e-01 1.33356498e-01 -9.16484806e-01
9.20000000e-01 1.24133019e-01 -9.28072703e-01
9.30000000e-01 1.14797828e-01 -9.38825397e-01
9.40000000e-01 1.05359327e-01 -9.48733212e-01
9.50000000e-01 9.58260102e-02 -9.57787232e-01
9.60000000e-01 8.62064561e-02 -9.65979307e-01
9.70000000e-01 7.65093220e-02 -9.73302066e-01
9.80000000e-01 6.67433347e-02 -9.79748919e-01
9.90000000e-01 5.69172829e-02 -9.85314064e-01
1.00000000e+00 4.70400093e-02 -9.89992493e-01


0.00000000e+00 0.00000000e+00 1.00000000e+00
1.00000000e-02 9.99733333e-03 9.99200107e-01
2.00000000e-02 1.99786731e-02 9.96801706e-01
3.00000000e-02 2.99280512e-02 9.92808636e-01
4.00000000e-02 3.98295508e-02 9.87227284e-01
5.00000000e-02 4.96673316e-02 9.80066579e-01
6.00000000e-02 5.94256554e-02 9.71337976e-01
7.00000000e-02 6.90889107e-02 9.61055440e-01
8.00000000e-02 7.86416385e-02 9.49235420e-01
9.00000000e-02 8.80685565e-02 9.35896826e-01
1.00000000e-01 9.73545836e-02 9.21060997e-01
1.10000000e-01 1.06484864e-01 9.04751667e-01
1.20000000e-01 1.15444792e-01 8.86994927e-01
1.30000000e-01 1.24220032e-01 8.67819185e-01
1.40000000e-01 1.32796547e-01 8.47255117e-01
1.50000000e-01 1.41160616e-01 8.25335622e-01
1.60000000e-01 1.49298858e-01 8.02095766e-01
1.70000000e-01 1.57198253e-01 7.77572727e-01
1.80000000e-01 1.64846165e-01 7.51805739e-01
1.90000000e-01 1.72230358e-01 7.24836022e-01
2.00000000e-01 1.79339020e-01 6.96706721e-01
2.10000000e-01 1.86160777e-01 6.67462839e-01
2.20000000e-01 1.92684717e-01 6.37151158e-01
2.30000000e-01 1.98900402e-01 6.05820172e-01
2.40000000e-01 2.04797889e-01 5.73520002e-01
2.50000000e-01 2.10367743e-01 5.40302323e-01
2.60000000e-01 2.15601054e-01 5.06220276e-01
2.70000000e-01 2.20489449e-01 4.71328384e-01
2.80000000e-01 2.25025108e-01 4.35682467e-01
2.90000000e-01 2.29200775e-01 3.99339552e-01
3.00000000e-01 2.33009769e-01 3.62357778e-01
3.10000000e-01 2.36445998e-01 3.24796309e-01
3.20000000e-01 2.39503963e-01 2.86715236e-01
3.30000000e-01 2.42178773e-01 2.48175479e-01
3.40000000e-01 2.44466149e-01 2.09238694e-01
3.50000000e-01 2.46362431e-01 1.69967172e-01
3.60000000e-01 2.47864586e-01 1.30423739e-01
3.70000000e-01 2.48970210e-01 9.06716558e-02
3.80000000e-01 2.49677535e-01 5.07745172e-02
3.90000000e-01 2.49985430e-01 1.07961503e-02
4.00000000e-01 2.49893401e-01 -2.91994882e-02
4.10000000e-01 2.49401596e-01 -6.91484137e-02
4.20000000e-01 2.48510801e-01 -1.08986717e-01
4.30000000e-01 2.47222443e-01 -1.48650664e-01
4.40000000e-01 2.45538581e-01 -1.88076802e-01
4.50000000e-01 2.43461910e-01 -2.27202057e-01
4.60000000e-01 2.40995751e-01 -2.65963837e-01
4.70000000e-01 2.38144051e-01 -3.04300132e-01
4.80000000e-01 2.34911372e-01 -3.42149612e-01
4.90000000e-01 2.31302884e-01 -3.79451726e-01
5.00000000e-01 2.27324361e-01 -4.16146797e-01
5.10000000e-01 2.22982167e-01 -4.52176123e-01
5.20000000e-01 2.18283250e-01 -4.87482063e-01
5.30000000e-01 2.13235126e-01 -5.22008136e-01
5.40000000e-01 2.07845871e-01 -5.55699107e-01
5.50000000e-01 2.02124108e-01 -5.88501078e-01
5.60000000e-01 1.96078988e-01 -6.20361574e-01
5.70000000e-01 1.89720185e-01 -6.51229623e-01
5.80000000e-01 1.83057869e-01 -6.81055843e-01
5.90000000e-01 1.76102700e-01 -7.09792520e-01
6.00000000e-01 1.68865804e-01 -7.37393680e-01
6.10000000e-01 1.61358759e-01 -7.63815167e-01
6.20000000e-01 1.53593575e-01 -7.89014713e-01
6.30000000e-01 1.45582673e-01 -8.12952004e-01
6.40000000e-01 1.37338870e-01 -8.35588746e-01
6.50000000e-01 1.28875355e-01 -8.56888723e-01
6.60000000e-01 1.20205666e-01 -8.76817862e-01
6.70000000e-01 1.11343674e-01 -8.95344279e-01
6.80000000e-01 1.02303555e-01 -9.12438336e-01
6.90000000e-01 9.30997733e-02 -9.28072686e-01
7.00000000e-01 8.37470514e-02 -9.42222319e-01
7.10000000e-01 7.42603521e-02 -9.54864596e-01
7.20000000e-01 6.46548521e-02 -9.65979295e-01
7.30000000e-01 5.49459181e-02 -9.75548632e-01
7.40000000e-01 4.51490824e-02 -9.83557300e-01
7.50000000e-01 3.52800178e-02 -9.89992485e-01
7.60000000e-01 2.53545126e-02 -9.94843895e-01
7.70000000e-01 1.53884457e-02 -9.98103766e-01
7.80000000e-01 5.39776055e-03 -9.99766884e-01
7.90000000e-01 -4.60155988e-03 -9.99830589e-01
8.00000000e-01 -1.45935188e-02 -9.98294778e-01
8.10000000e-01 -2.45621312e-02 -9.95161908e-01
8.20000000e-01 -3.44914494e-02 -9.90436991e-01
8.30000000e-01 -4.43655887e-02 -9.84127587e-01
8.40000000e-01 -5.41687525e-02 -9.76243789e-01
8.50000000e-01 -6.38852578e-02 -9.66798209e-01
8.60000000e-01 -7.34995604e-02 -9.55805958e-01
8.70000000e-01 -8.29962794e-02 -9.43284621e-01
8.80000000e-01 -9.23602220e-02 -9.29254231e-01
8.90000000e-01 -1.01576408e-01 -9.13737232e-01
9.00000000e-01 -1.10630093e-01 -8.96758448e-01
9.10000000e-01 -1.19506794e-01 -8.78345042e-01
9.20000000e-01 -1.28192310e-01 -8.58526472e-01
9.30000000e-01 -1.36672745e-01 -8.37334442e-01
9.40000000e-01 -1.44934533e-01 -8.14802856e-01
9.50000000e-01 -1.52964456e-01 -7.90967759e-01
9.60000000e-01 -1.60749669e-01 -7.65867283e-01
9.70000000e-01 -1.68277717e-01 -7.39541582e-01
9.80000000e-01 -1.75536557e-01 -7.12032773e-01
9.90000000e-01 -1.82514575e-01 -6.83384863e-01
1.00000000e+00 -1.89200609e-01 -6.53643684e-01


0.00000000e+00 0.00000000e+00 1.00000000e+00
1.00000000e-02 9.99583333e-03 9.98750260e-01
2.00000000e-02 1.99666823e-02 9.95004166e-01
3.00000000e-02 2.98876249e-02 9.88771079e-01
4.00000000e-02 3.97338641e-02 9.80066579e-01
5.00000000e-02 4.94807893e-02 9.68912424e-01
6.00000000e-02 5.91040383e-02 9.55336493e-01
7.00000000e-02 6.85795580e-02 9.39372718e-01
8.00000000e-02 7.78836646e-02 9.21061001e-01
9.00000000e-02 8.69931025e-02 9.00447112e-01
1.00000000e-01 9.58851031e-02 8.77582573e-01
1.10000000e-01 1.04537441e-01 8.52524536e-01
1.20000000e-01 1.12928489e-01 8.25335631e-01
1.30000000e-01 1.21037276e-01 7.96083818e-01
1.40000000e-01 1.28843532e-01 7.64842210e-01
1.50000000e-01 1.36327746e-01 7.31688894e-01
1.60000000e-01 1.43471212e-01 6.96706738e-01
1.70000000e-01 1.50256075e-01 6.59983178e-01
1.80000000e-01 1.56665376e-01 6.21610004e-01
1.90000000e-01 1.62683095e-01 5.81683128e-01
2.00000000e-01 1.68294191e-01 5.40302348e-01
2.10000000e-01 1.73484639e-01 4.97571094e-01
2.20000000e-01 1.78241466e-01 4.53596171e-01
2.30000000e-01 1.82552783e-01 4.08487494e-01
2.40000000e-01 1.86407812e-01 3.62357812e-01
2.50000000e-01 1.89796919e-01 3.15322423e-01
2.60000000e-01 1.92711633e-01 2.67498893e-01
2.70000000e-01 1.95144668e-01 2.19006755e-01
2.80000000e-01 1.97089943e-01 1.69967214e-01
2.90000000e-01 1.98542596e-01 1.20502844e-01
3.00000000e-01 1.99498996e-01 7.07372793e-02
3.10000000e-01 1.99956752e-01 2.07949084e-02
3.20000000e-01 1.99914720e-01 -2.91994390e-02
3.30000000e-01 1.99373006e-01 -7.91208029e-02
3.40000000e-01 1.98332964e-01 -1.28844406e-01
3.50000000e-01 1.96797192e-01 -1.78245965e-01
3.60000000e-01 1.94769530e-01 -2.27202003e-01
3.70000000e-01 1.92255045e-01 -2.75590153e-01
3.80000000e-01 1.89260023e-01 -3.23289472e-01
3.90000000e-01 1.85791950e-01 -3.70180736e-01
4.00000000e-01 1.81859493e-01 -4.16146740e-01
4.10000000e-01 1.77472483e-01 -4.61072595e-01
4.20000000e-01 1.72641884e-01 -5.04846008e-01
4.30000000e-01 1.67379770e-01 -5.47357569e-01
4.40000000e-01 1.61699293e-01 -5.88501022e-01
4.50000000e-01 1.55614653e-01 -6.28173529e-01
4.60000000e-01 1.49141058e-01 -6.66275929e-01
4.70000000e-01 1.42294687e-01 -7.02712986e-01
4.80000000e-01 1.35092654e-01 -7.37393627e-01
4.90000000e-01 1.27552959e-01 -7.70231169e-01
5.00000000e-01 1.19694449e-01 -8.01143533e-01
5.10000000e-01 1.11536765e-01 -8.30053457e-01
5.20000000e-01 1.03100297e-01 -8.56888679e-01
5.30000000e-01 9.44061320e-02 -8.81582126e-01
5.40000000e-01 8.54760010e-02 -9.04072077e-01
5.50000000e-01 7.63322244e-02 -9.24302319e-01
5.60000000e-01 6.69976571e-02 -9.42222286e-01
5.70000000e-01 5.74956305e-02 -9.57787189e-01
5.80000000e-01 4.78498948e-02 -9.70958123e-01
5.90000000e-01 3.80845594e-02 -9.81702167e-01
6.00000000e-01 2.82240323e-02 -9.89992468e-01
6.10000000e-01 1.82929599e-02 -9.95808303e-01
6.20000000e-01 8.31616467e-03 -9.99135137e-01
6.30000000e-01 -1.68141668e-03 -9.99964653e-01
6.40000000e-01 -1.16747954e-02 -9.98294779e-01
6.50000000e-01 -2.16389931e-02 -9.94129687e-01
6.60000000e-01 -3.15491047e-02 -9.87479790e-01
6.70000000e-01 -4.13803599e-02 -9.78361708e-01
6.80000000e-01 -5.11081858e-02 -9.66798231e-01
6.90000000e-01 -6.07082679e-02 -9.52818262e-01
7.00000000e-01 -7.01566109e-02 -9.36456744e-01
7.10000000e-01 -7.94295989e-02 -9.17754572e-01
7.20000000e-01 -8.85040544e-02 -8.96758492e-01
7.30000000e-01 -9.73572958e-02 -8.73520983e-01
7.40000000e-01 -1.05967195e-01 -8.48100127e-01
7.50000000e-01 -1.14312231e-01 -8.20559462e-01
7.60000000e-01 -1.22371546e-01 -7.90967826e-01
7.70000000e-01 -1.30124996e-01 -7.59399183e-01
7.80000000e-01 -1.37553201e-01 -7.25932438e-01
7.90000000e-01 -1.44637595e-01 -6.90651239e-01
8.00000000e-01 -1.51360471e-01 -6.53643773e-01
8.10000000e-01 -1.57705024e-01 -6.15002537e-01
8.20000000e-01 -1.63655396e-01 -5.74824116e-01
8.30000000e-01 -1.69196716e-01 -5.33208934e-01
8.40000000e-01 -1.74315131e-01 -4.90261007e-01
8.50000000e-01 -1.78997850e-01 -4.46087684e-01
8.60000000e-01 -1.83233168e-01 -4.00799373e-01
8.70000000e-01 -1.87010498e-01 -3.54509273e-01
8.80000000e-01 -1.90320399e-01 -3.07333085e-01
8.90000000e-01 -1.93154598e-01 -2.59388724e-01
9.00000000e-01 -1.95506012e-01 -2.10796026e-01
9.10000000e-01 -1.97368762e-01 -1.61676448e-01
9.20000000e-01 -1.98738193e-01 -1.12152764e-01
9.30000000e-01 -1.99610883e-01 -6.23487555e-02
9.40000000e-01 -1.99984649e-01 -1.23889079e-02
9.50000000e-01 -1.99858558e-01 3.76019055e-02
9.60000000e-01 -1.99232924e-01 8.74987337e-02
9.70000000e-01 -1.98109312e-01 1.37176861e-01
9.80000000e-01 -1.96490530e-01 1.86512117e-01
9.90000000e-01 -1.94380624e-01 2.35381190e-01
1.00000000e+00 -1.91784868e-01 2.83661933e-01


