-9.97500000e+00 2.47577453e-22
-9.95000000e+00 3.17595871e-22
-9.92500000e+00 4.07161952e-22
-9.90000000e+00 5.21660698e-22
-9.87500000e+00 6.67940289e-22
-9.85000000e+00 8.54704041e-22
-9.82500000e+00 1.09300581e-21
-9.80000000e+00 1.39687575e-21
-9.77500000e+00 1.78411023e-21
-9.75000000e+00 2.27726823e-21
-9.72500000e+00 2.90492742e-21
-9.70000000e+00 3.70326662e-21
-9.67500000e+00 4.71805796e-21
-9.65000000e+00 6.00717326e-21
-9.62500000e+00 7.64373533e-21
-9.60000000e+00 9.72007729e-21
-9.57500000e+00 1.23527141e-20
-9.55000000e+00 1.56885808e-20
-9.52500000e+00 1.99128545e-20
-9.50000000e+00 2.52587571e-20
-9.47500000e+00 3.20198303e-20
-9.45000000e+00 4.05652979e-20
-9.42500000e+00 5.13592777e-20
-9.40000000e+00 6.49847926e-20
-9.37500000e+00 8.21737601e-20
-9.35000000e+00 1.03844422e-19
-9.32500000e+00 1.31148033e-19
-9.30000000e+00 1.65527053e-19
-9.27500000e+00 2.08787634e-19
-9.25000000e+00 2.63189862e-19
-9.22500000e+00 3.31559999e-19
-9.20000000e+00 4.17430036e-19
-9.17500000e+00 5.25211045e-19
-9.15000000e+00 6.60408412e-19
-9.12500000e+00 8.29888856e-19
-9.10000000e+00 1.04221150e-18
-9.07500000e+00 1.30803804e-18
-9.05000000e+00 1.64064070e-18
-9.02500000e+00 2.05653059e-18
-9.00000000e+00 2.57623489e-18
-8.97500000e+00 3.22525702e-18
-8.95000000e+00 4.03526249e-18
-8.92500000e+00 5.04554215e-18
-8.90000000e+00 6.30481686e-18
-8.87500000e+00 7.87346135e-18
-8.85000000e+00 9.82624328e-18
-8.82500000e+00 1.22556941e-17
-8.80000000e+00 1.52762549e-17
-8.77500000e+00 1.90293726e-17
-8.75000000e+00 2.36897583e-17
-8.72500000e+00 2.94730701e-17
-8.70000000e+00 3.66453361e-17
-8.67500000e+00 4.55345058e-17
-8.65000000e+00 5.65445994e-17
-8.62500000e+00 7.01730286e-17
-8.60000000e+00 8.70317859e-17
-8.57500000e+00 1.07873347e-16
-8.55000000e+00 1.33622318e-16
-8.52500000e+00 1.65414063e-16
-8.50000000e+00 2.04641845e-16
-8.47500000e+00 2.53014285e-16
-8.45000000e+00 3.12625373e-16
-8.42500000e+00 3.86039718e-16
-8.40000000e+00 4.76396255e-16
-8.37500000e+00 5.87534363e-16
-8.35000000e+00 7.24147087e-16
-8.32500000e+00 8.91967206e-16
-8.30000000e+00 1.09799299e-15
-8.27500000e+00 1.35076200e-15
-8.25000000e+00 1.66068278e-15
-8.22500000e+00 2.04043663e-15
-8.20000000e+00 2.50546374e-15
-8.17500000e+00 3.07455110e-15
-8.15000000e+00 3.77054294e-15
-8.12500000e+00 4.62119875e-15
-8.10000000e+00 5.66022878e-15
-8.07500000e+00 6.92854280e-15
-8.05000000e+00 8.47575519e-15
-8.02500000e+00 1.03619975e-14
-8.00000000e+00 1.26601003e-14
-7.97500000e+00 1.54582166e-14
-7.95000000e+00 1.88629759e-14
-7.92500000e+00 2.30032719e-14
-7.90000000e+00 2.80348086e-14
-7.87500000e+00 3.41455535e-14
-7.85000000e+00 4.15622738e-14
-7.82500000e+00 5.05583649e-14
-7.80000000e+00 6.14632216e-14
-7.77500000e+00 7.46734470e-14
-7.75000000e+00 9.06662509e-14
-7.72500000e+00 1.10015454e-13
-7.70000000e+00 1.33410592e-13
-7.67500000e+00 1.61679704e-13
-7.65000000e+00 1.95816497e-13
-7.62500000e+00 2.37012705e-13
-7.60000000e+00 2.86696609e-13
-7.57500000e+00 3.46578855e-13
-7.55000000e+00 4.18706928e-13
-7.52500000e+00 5.05529854e-13
-7.50000000e+00 6.09975016e-13
-7.47500000e+00 7.35539268e-13
-7.45000000e+00 8.86396958e-13
-7.42500000e+00 1.06752788e-12
-7.40000000e+00 1.28486877e-12
-7.37500000e+00 1.54549249e-12
-7.35000000e+00 1.85781985e-12
-7.32500000e+00 2.23186990e-12
-7.30000000e+00 2.67955533e-12
-7.27500000e+00 3.21503095e-12
-7.25000000e+00 3.85510457e-12
-7.22500000e+00 4.61972096e-12
-7.20000000e+00 5.53253157e-12
-7.17500000e+00 6.62156480e-12
-7.15000000e+00 7.92001385e-12
-7.12500000e+00 9.46716234e-12
-7.10000000e+00 1.13094708e-11
-7.07500000e+00 1.35018512e-11
-7.05000000e+00 1.61091611e-11
-7.02500000e+00 1.92079540e-11
-7.00000000e+00 2.28885281e-11
-6.97500000e+00 2.72573229e-11
-6.95000000e+00 3.24397207e-11
-6.92500000e+00 3.85833193e-11
-6.90000000e+00 4.58617522e-11
-6.87500000e+00 5.44791437e-11
-6.85000000e+00 6.46753037e-11
-6.82500000e+00 7.67317767e-11
-6.80000000e+00 9.09788842e-11
-6.77500000e+00 1.07803915e-10
-6.75000000e+00 1.27660644e-10
-6.72500000e+00 1.51080392e-10
-6.70000000e+00 1.78684857e-10
-6.67500000e+00 2.11200998e-10
-6.65000000e+00 2.49478290e-10
-6.62500000e+00 2.94508697e-10
-6.60000000e+00 3.47449796e-10
-6.57500000e+00 4.09651522e-10
-6.55000000e+00 4.82687060e-10
-6.52500000e+00 5.68388539e-10
-6.50000000e+00 6.68888209e-10
-6.47500000e+00 7.86665930e-10
-6.45000000e+00 9.24603888e-10
-6.42500000e+00 1.08604960e-09
-6.40000000e+00 1.27488843e-09
-6.37500000e+00 1.49562690e-09
-6.35000000e+00 1.75348853e-09
-6.32500000e+00 2.05452374e-09
-6.30000000e+00 2.40573601e-09
-6.27500000e+00 2.81522653e-09
-6.25000000e+00 3.29235984e-09
-6.22500000e+00 3.84795350e-09
-6.20000000e+00 4.49449506e-09
-6.17500000e+00 5.24638998e-09
-6.15000000e+00 6.12024495e-09
-6.12500000e+00 7.13519111e-09
-6.10000000e+00 8.31325278e-09
-6.07500000e+00 9.67976767e-09
-6.05000000e+00 1.12638654e-08
-6.02500000e+00 1.30990120e-08
-6.00000000e+00 1.52236293e-08
-5.97500000e+00 1.76817983e-08
-5.95000000e+00 2.05240580e-08
-5.92500000e+00 2.38083120e-08
-5.90000000e+00 2.76008558e-08
-5.87500000e+00 3.19775407e-08
-5.85000000e+00 3.70250917e-08
-5.82500000e+00 4.28425978e-08
-5.80000000e+00 4.95431961e-08
-5.77500000e+00 5.72559748e-08
-5.75000000e+00 6.61281201e-08
-5.72500000e+00 7.63273370e-08
-5.70000000e+00 8.80445775e-08
-5.67500000e+00 1.01497112e-07
-5.65000000e+00 1.16931987e-07
-5.62500000e+00 1.34629906e-07
-5.60000000e+00 1.54909597e-07
-5.57500000e+00 1.78132711e-07
-5.55000000e+00 2.04709312e-07
-5.52500000e+00 2.35104038e-07
-5.50000000e+00 2.69842995e-07
-5.47500000e+00 3.09521469e-07
-5.45000000e+00 3.54812553e-07
-5.42500000e+00 4.06476783e-07
-5.40000000e+00 4.65372891e-07
-5.37500000e+00 5.32469808e-07
-5.35000000e+00 6.08860027e-07
-5.32500000e+00 6.95774497e-07
-5.30000000e+00 7.94599192e-07
-5.27500000e+00 9.06893524e-07
-5.25000000e+00 1.03441081e-06
-5.22500000e+00 1.17912099e-06
-5.20000000e+00 1.34323580e-06
-5.17500000e+00 1.52923671e-06
-5.15000000e+00 1.73990582e-06
-5.12500000e+00 1.97836005e-06
-5.10000000e+00 2.24808898e-06
-5.07500000e+00 2.55299655e-06
-5.05000000e+00 2.89744717e-06
-5.02500000e+00 3.28631655e-06
-5.00000000e+00 3.72504762e-06
-4.97500000e+00 4.21971222e-06
-4.95000000e+00 4.77707880e-06
-4.92500000e+00 5.40468697e-06
-4.90000000e+00 6.11092923e-06
-4.87500000e+00 6.90514067e-06
-4.85000000e+00 7.79769735e-06
-4.82500000e+00 8.80012392e-06
-4.80000000e+00 9.92521145e-06
-4.77500000e+00 1.11871463e-05
-4.75000000e+00 1.26016506e-05
-4.72500000e+00 1.41861359e-05
-4.70000000e+00 1.59598707e-05
-4.67500000e+00 1.79441623e-05
-4.65000000e+00 2.01625555e-05
-4.62500000e+00 2.26410482e-05
-4.60000000e+00 2.54083260e-05
-4.57500000e+00 2.84960158e-05
-4.55000000e+00 3.19389622e-05
-4.52500000e+00 3.57755258e-05
-4.50000000e+00 4.00479065e-05
-4.47500000e+00 4.48024928e-05
-4.45000000e+00 5.00902393e-05
-4.42500000e+00 5.59670739e-05
-4.40000000e+00 6.24943368e-05
-4.37500000e+00 6.97392533e-05
-4.35000000e+00 7.77754424e-05
-4.32500000e+00 8.66834633e-05
-4.30000000e+00 9.65514023e-05
-4.27500000e+00 1.07475503e-04
-4.25000000e+00 1.19560838e-04
-4.22500000e+00 1.32922036e-04
-4.20000000e+00 1.47684046e-04
-4.17500000e+00 1.63982971e-04
-4.15000000e+00 1.81966937e-04
-4.12500000e+00 2.01797037e-04
-4.10000000e+00 2.23648327e-04
-4.07500000e+00 2.47710884e-04
-4.05000000e+00 2.74190935e-04
-4.02500000e+00 3.03312048e-04
-4.00000000e+00 3.35316402e-04
-3.97500000e+00 3.70466123e-04
-3.95000000e+00 4.09044700e-04
-3.92500000e+00 4.51358480e-04
-3.90000000e+00 4.97738242e-04
-3.87500000e+00 5.48540856e-04
-3.85000000e+00 6.04151026e-04
-3.82500000e+00 6.64983119e-04
-3.80000000e+00 7.31483091e-04
-3.77500000e+00 8.04130488e-04
-3.75000000e+00 8.83440556e-04
-3.72500000e+00 9.69966428e-04
-3.70000000e+00 1.06430142e-03
-3.67500000e+00 1.16708139e-03
-3.65000000e+00 1.27898725e-03
-3.62500000e+00 1.40074748e-03
-3.60000000e+00 1.53314085e-03
-3.57500000e+00 1.67699908e-03
-3.55000000e+00 1.83320976e-03
-3.52500000e+00 2.00271922e-03
-3.50000000e+00 2.18653551e-03
-3.47500000e+00 2.38573153e-03
-3.45000000e+00 2.60144814e-03
-3.42500000e+00 2.83489738e-03
-3.40000000e+00 3.08736572e-03
-3.37500000e+00 3.36021743e-03
-3.35000000e+00 3.65489789e-03
-3.32500000e+00 3.97293704e-03
-3.30000000e+00 4.31595278e-03
-3.27500000e+00 4.68565438e-03
-3.25000000e+00 5.08384599e-03
-3.22500000e+00 5.51242998e-03
-3.20000000e+00 5.97341038e-03
-3.17500000e+00 6.46889624e-03
-3.15000000e+00 7.00110489e-03
-3.12500000e+00 7.57236518e-03
-3.10000000e+00 8.18512058e-03
-3.07500000e+00 8.84193219e-03
-3.05000000e+00 9.54548158e-03
-3.02500000e+00 1.02985735e-02
-3.00000000e+00 1.11041385e-02
-2.97500000e+00 1.19652350e-02
-2.95000000e+00 1.28850516e-02
-2.92500000e+00 1.38669088e-02
-2.90000000e+00 1.49142604e-02
-2.87500000e+00 1.60306949e-02
-2.85000000e+00 1.72199364e-02
-2.82500000e+00 1.84858448e-02
-2.80000000e+00 1.98324163e-02
-2.77500000e+00 2.12637825e-02
-2.75000000e+00 2.27842103e-02
-2.72500000e+00 2.43980999e-02
-2.70000000e+00 2.61099834e-02
-2.67500000e+00 2.79245224e-02
-2.65000000e+00 2.98465046e-02
-2.62500000e+00 3.18808407e-02
-2.60000000e+00 3.40325602e-02
-2.57500000e+00 3.63068058e-02
-2.55000000e+00 3.87088287e-02
-2.52500000e+00 4.12439816e-02
-2.50000000e+00 4.39177117e-02
-2.47500000e+00 4.67355534e-02
-2.45000000e+00 4.97031189e-02
-2.42500000e+00 5.28260891e-02
-2.40000000e+00 5.61102035e-02
-2.37500000e+00 5.95612486e-02
-2.35000000e+00 6.31850466e-02
-2.32500000e+00 6.69874417e-02
-2.30000000e+00 7.09742873e-02
-2.27500000e+00 7.51514310e-02
-2.25000000e+00 7.95246992e-02
-2.22500000e+00 8.40998810e-02
-2.20000000e+00 8.88827112e-02
-2.17500000e+00 9.38788524e-02
-2.15000000e+00 9.90938761e-02
-2.12500000e+00 1.04533244e-01
-2.10000000e+00 1.10202286e-01
-2.07500000e+00 1.16106182e-01
-2.05000000e+00 1.22249940e-01
-2.02500000e+00 1.28638370e-01
-2.00000000e+00 1.35276067e-01
-1.97500000e+00 1.42167385e-01
-1.95000000e+00 1.49316413e-01
-1.92500000e+00 1.56726952e-01
-1.90000000e+00 1.64402490e-01
-1.87500000e+00 1.72346180e-01
-1.85000000e+00 1.80560811e-01
-1.82500000e+00 1.89048789e-01
-1.80000000e+00 1.97812107e-01
-1.77500000e+00 2.06852323e-01
-1.75000000e+00 2.16170538e-01
-1.72500000e+00 2.25767367e-01
-1.70000000e+00 2.35642923e-01
-1.67500000e+00 2.45796786e-01
-1.65000000e+00 2.56227986e-01
-1.62500000e+00 2.66934983e-01
-1.60000000e+00 2.77915641e-01
-1.57500000e+00 2.89167215e-01
-1.55000000e+00 3.00686327e-01
-1.52500000e+00 3.12468954e-01
-1.50000000e+00 3.24510410e-01
-1.47500000e+00 3.36805333e-01
-1.45000000e+00 3.49347670e-01
-1.42500000e+00 3.62130671e-01
-1.40000000e+00 3.75146875e-01
-1.37500000e+00 3.88388107e-01
-1.35000000e+00 4.01845471e-01
-1.32500000e+00 4.15509349e-01
-1.30000000e+00 4.29369397e-01
-1.27500000e+00 4.43414551e-01
-1.25000000e+00 4.57633028e-01
-1.22500000e+00 4.72012333e-01
-1.20000000e+00 4.86539268e-01
-1.17500000e+00 5.01199945e-01
-1.15000000e+00 5.15979798e-01
-1.12500000e+00 5.30863599e-01
-1.10000000e+00 5.45835481e-01
-1.07500000e+00 5.60878953e-01
-1.05000000e+00 5.75976933e-01
-1.02500000e+00 5.91111766e-01
-1.00000000e+00 6.06265260e-01
-9.75000000e-01 6.21418714e-01
-9.50000000e-01 6.36552955e-01
-9.25000000e-01 6.51648374e-01
-9.00000000e-01 6.66684961e-01
-8.75000000e-01 6.81642353e-01
-8.50000000e-01 6.96499874e-01
-8.25000000e-01 7.11236576e-01
-8.00000000e-01 7.25831295e-01
-7.75000000e-01 7.40262691e-01
-7.50000000e-01 7.54509305e-01
-7.25000000e-01 7.68549607e-01
-7.00000000e-01 7.82362048e-01
-6.75000000e-01 7.95925120e-01
-6.50000000e-01 8.09217402e-01
-6.25000000e-01 8.22217625e-01
-6.00000000e-01 8.34904720e-01
-5.75000000e-01 8.47257879e-01
-5.50000000e-01 8.59256612e-01
-5.25000000e-01 8.70880797e-01
-5.00000000e-01 8.82110746e-01
-4.75000000e-01 8.92927250e-01
-4.50000000e-01 9.03311640e-01
-4.25000000e-01 9.13245840e-01
-4.00000000e-01 9.22712415e-01
-3.75000000e-01 9.31694629e-01
-3.50000000e-01 9.40176487e-01
-3.25000000e-01 9.48142787e-01
-3.00000000e-01 9.55579163e-01
-2.75000000e-01 9.62472130e-01
-2.50000000e-01 9.68809124e-01
-2.25000000e-01 9.74578539e-01
-2.00000000e-01 9.79769764e-01
-1.75000000e-01 9.84373216e-01
-1.50000000e-01 9.88380366e-01
-1.25000000e-01 9.91783770e-01
-1.00000000e-01 9.94577088e-01
-7.50000000e-02 9.96755107e-01
-5.00000000e-02 9.98313754e-01
-2.50000000e-02 9.99250112e-01
7.48776041e-14 9.99562427e-01
2.50000000e-02 9.99250113e-01
5.00000000e-02 9.98313755e-01
7.50000000e-02 9.96755108e-01
1.00000000e-01 9.94577089e-01
1.25000000e-01 9.91783771e-01
1.50000000e-01 9.88380367e-01
1.75000000e-01 9.84373217e-01
2.00000000e-01 9.79769766e-01
2.25000000e-01 9.74578541e-01
2.50000000e-01 9.68809126e-01
2.75000000e-01 9.62472132e-01
3.00000000e-01 9.55579165e-01
3.25000000e-01 9.48142789e-01
3.50000000e-01 9.40176490e-01
3.75000000e-01 9.31694632e-01
4.00000000e-01 9.22712418e-01
4.25000000e-01 9.13245842e-01
4.50000000e-01 9.03311643e-01
4.75000000e-01 8.92927253e-01
5.00000000e-01 8.82110749e-01
5.25000000e-01 8.70880801e-01
5.50000000e-01 8.59256615e-01
5.75000000e-01 8.47257883e-01
6.00000000e-01 8.34904724e-01
6.25000000e-01 8.22217629e-01
6.50000000e-01 8.09217407e-01
6.75000000e-01 7.95925124e-01
7.00000000e-01 7.82362053e-01
7.25000000e-01 7.68549612e-01
7.50000000e-01 7.54509310e-01
7.75000000e-01 7.40262696e-01
8.00000000e-01 7.25831300e-01
8.25000000e-01 7.11236581e-01
8.50000000e-01 6.96499879e-01
8.75000000e-01 6.81642359e-01
9.00000000e-01 6.66684967e-01
9.25000000e-01 6.51648379e-01
9.50000000e-01 6.36552961e-01
9.75000000e-01 6.21418720e-01
1.00000000e+00 6.06265266e-01
1.02500000e+00 5.91111772e-01
1.05000000e+00 5.75976939e-01
1.07500000e+00 5.60878960e-01
1.10000000e+00 5.45835488e-01
1.12500000e+00 5.30863606e-01
1.15000000e+00 5.15979805e-01
1.17500000e+00 5.01199952e-01
1.20000000e+00 4.86539275e-01
1.22500000e+00 4.72012340e-01
1.25000000e+00 4.57633036e-01
1.27500000e+00 4.43414559e-01
1.30000000e+00 4.29369405e-01
1.32500000e+00 4.15509357e-01
1.35000000e+00 4.01845480e-01
1.37500000e+00 3.88388115e-01
1.40000000e+00 3.75146884e-01
1.42500000e+00 3.62130680e-01
1.45000000e+00 3.49347679e-01
1.47500000e+00 3.36805342e-01
1.50000000e+00 3.24510420e-01
1.52500000e+00 3.12468964e-01
1.55000000e+00 3.00686337e-01
1.57500000e+00 2.89167225e-01
1.60000000e+00 2.77915651e-01
1.62500000e+00 2.66934993e-01
1.65000000e+00 2.56227997e-01
1.67500000e+00 2.45796797e-01
1.70000000e+00 2.35642934e-01
1.72500000e+00 2.25767379e-01
1.75000000e+00 2.16170550e-01
1.77500000e+00 2.06852335e-01
1.80000000e+00 1.97812119e-01
1.82500000e+00 1.89048802e-01
1.85000000e+00 1.80560825e-01
1.87500000e+00 1.72346193e-01
1.90000000e+00 1.64402504e-01
1.92500000e+00 1.56726966e-01
1.95000000e+00 1.49316428e-01
1.97500000e+00 1.42167401e-01
2.00000000e+00 1.35276083e-01
2.02500000e+00 1.28638387e-01
2.05000000e+00 1.22249957e-01
2.07500000e+00 1.16106200e-01
2.10000000e+00 1.10202304e-01
2.12500000e+00 1.04533263e-01
2.15000000e+00 9.90938960e-02
2.17500000e+00 9.38788731e-02
2.20000000e+00 8.88827328e-02
2.22500000e+00 8.40999034e-02
2.25000000e+00 7.95247225e-02
2.27500000e+00 7.51514553e-02
2.30000000e+00 7.09743127e-02
2.32500000e+00 6.69874682e-02
2.35000000e+00 6.31850743e-02
2.37500000e+00 5.95612777e-02
2.40000000e+00 5.61102338e-02
2.42500000e+00 5.28261209e-02
2.45000000e+00 4.97031522e-02
2.47500000e+00 4.67355884e-02
2.50000000e+00 4.39177485e-02
2.52500000e+00 4.12440202e-02
2.55000000e+00 3.87088694e-02
2.57500000e+00 3.63068487e-02
2.60000000e+00 3.40326053e-02
2.62500000e+00 3.18808883e-02
2.65000000e+00 2.98465548e-02
2.67500000e+00 2.79245754e-02
2.70000000e+00 2.61100395e-02
2.72500000e+00 2.43981592e-02
2.75000000e+00 2.27842731e-02
2.77500000e+00 2.12638491e-02
2.80000000e+00 1.98324868e-02
2.82500000e+00 1.84859197e-02
2.85000000e+00 1.72200159e-02
2.87500000e+00 1.60307794e-02
2.90000000e+00 1.49143502e-02
2.92500000e+00 1.38670045e-02
2.95000000e+00 1.28851536e-02
2.97500000e+00 1.19653437e-02
3.00000000e+00 1.11042544e-02
3.02500000e+00 1.02986973e-02
3.05000000e+00 9.54561379e-03
3.07500000e+00 8.84207354e-03
3.10000000e+00 8.18527184e-03
3.12500000e+00 7.57252715e-03
3.15000000e+00 7.00127846e-03
3.17500000e+00 6.46908237e-03
3.20000000e+00 5.97361013e-03
3.22500000e+00 5.51264450e-03
3.25000000e+00 5.08407655e-03
3.27500000e+00 4.68590235e-03
3.30000000e+00 4.31621966e-03
3.32500000e+00 3.97322449e-03
3.35000000e+00 3.65520771e-03
3.37500000e+00 3.36055160e-03
3.40000000e+00 3.08772641e-03
3.42500000e+00 2.83528697e-03
3.45000000e+00 2.60186925e-03
3.47500000e+00 2.38618703e-03
3.50000000e+00 2.18702855e-03
3.52500000e+00 2.00325326e-03
3.55000000e+00 1.83378863e-03
3.57500000e+00 1.67762698e-03
3.60000000e+00 1.53382239e-03
3.62500000e+00 1.40148778e-03
3.65000000e+00 1.27979191e-03
3.67500000e+00 1.16795662e-03
3.70000000e+00 1.06525406e-03
3.72500000e+00 9.71004048e-04
3.75000000e+00 8.84571509e-04
3.77500000e+00 8.05364014e-04
3.80000000e+00 7.32829414e-04
3.82500000e+00 6.66453558e-04
3.85000000e+00 6.05758118e-04
3.87500000e+00 5.50298498e-04
3.90000000e+00 4.99661844e-04
3.92500000e+00 4.53465141e-04
3.95000000e+00 4.11353404e-04
3.97500000e+00 3.72997962e-04
4.00000000e+00 3.38094818e-04
4.02500000e+00 3.06363114e-04
4.05000000e+00 2.77543666e-04
4.07500000e+00 2.51397589e-04
4.10000000e+00 2.27704999e-04
4.12500000e+00 2.06263803e-04
4.15000000e+00 1.86888553e-04
4.17500000e+00 1.69409391e-04
4.20000000e+00 1.53671054e-04
4.22500000e+00 1.39531963e-04
4.25000000e+00 1.26863373e-04
4.27500000e+00 1.15548606e-04
4.30000000e+00 1.05482338e-04
4.32500000e+00 9.65699670e-05
4.35000000e+00 8.87270421e-05
4.37500000e+00 8.18787642e-05
4.40000000e+00 7.59595543e-05
4.42500000e+00 7.09126915e-05
4.45000000e+00 6.66900234e-05
4.47500000e+00 6.32517489e-05
4.50000000e+00 6.05662786e-05
4.52500000e+00 5.86101750e-05
4.55000000e+00 5.73681784e-05
4.57500000e+00 5.68333232e-05
4.60000000e+00 5.70071531e-05
4.62500000e+00 5.79000423e-05
4.65000000e+00 5.95316338e-05
4.67500000e+00 6.19314073e-05
4.70000000e+00 6.51393893e-05
4.72500000e+00 6.92070243e-05
4.75000000e+00 7.41982242e-05
4.77500000e+00 8.01906222e-05
4.80000000e+00 8.72770543e-05
4.82500000e+00 9.55673024e-05
4.85000000e+00 1.05190134e-04
4.87500000e+00 1.16295683e-04
4.90000000e+00 1.29058214e-04
4.92500000e+00 1.43679341e-04
4.95000000e+00 1.60391747e-04
4.97500000e+00 1.79463506e-04
5.00000000e+00 2.01203073e-04
5.02500000e+00 2.25965068e-04
5.05000000e+00 2.54156956e-04
5.07500000e+00 2.86246783e-04
5.10000000e+00 3.22772117e-04
5.12500000e+00 3.64350395e-04
5.15000000e+00 4.11690896e-04
5.17500000e+00 4.65608601e-04
5.20000000e+00 5.27040237e-04
5.22500000e+00 5.97062868e-04
5.25000000e+00 6.76915437e-04
5.27500000e+00 7.68023745e-04
5.30000000e+00 8.72029420e-04
5.32500000e+00 9.90823547e-04
5.35000000e+00 1.12658571e-03
5.37500000e+00 1.28182934e-03
5.40000000e+00 1.45945447e-03
5.42500000e+00 1.66280901e-03
5.45000000e+00 1.89576013e-03
5.47500000e+00 2.16277731e-03
5.50000000e+00 2.46902913e-03
5.52500000e+00 2.82049602e-03
5.55000000e+00 3.22410181e-03
5.57500000e+00 3.68786721e-03
5.60000000e+00 4.22108896e-03
5.62500000e+00 4.83454911e-03
5.65000000e+00 5.54075969e-03
5.67500000e+00 6.35424874e-03
5.70000000e+00 7.29189504e-03
5.72500000e+00 8.37332001e-03
5.75000000e+00 9.62134674e-03
5.77500000e+00 1.10625380e-02
5.80000000e+00 1.27278274e-02
5.82500000e+00 1.46532594e-02
5.85000000e+00 1.68808590e-02
5.87500000e+00 1.94596526e-02
5.90000000e+00 2.24468682e-02
5.92500000e+00 2.59093472e-02
5.95000000e+00 2.99252049e-02
5.97500000e+00 3.45857865e-02
6.00000000e+00 3.99979708e-02
6.02500000e+00 4.62868854e-02
6.05000000e+00 5.35991097e-02
6.07500000e+00 6.21064544e-02
6.10000000e+00 7.20104232e-02
6.12500000e+00 8.35474854e-02
6.15000000e+00 9.69953075e-02
6.17500000e+00 1.12680124e-01
6.20000000e+00 1.30985459e-01
6.22500000e+00 1.52362458e-01
6.25000000e+00 1.77342121e-01
6.27500000e+00 2.06549812e-01
6.30000000e+00 2.40722465e-01
6.32500000e+00 2.80729005e-01
6.35000000e+00 3.27594600e-01
6.37500000e+00 3.82529474e-01
6.40000000e+00 4.46963162e-01
6.42500000e+00 5.22585258e-01
6.45000000e+00 6.11393919e-01
6.47500000e+00 7.15753619e-01
6.50000000e+00 8.38463976e-01
6.52500000e+00 9.82841811e-01
6.55000000e+00 1.15281904e+00
6.57500000e+00 1.35305953e+00
6.60000000e+00 1.58909864e+00
6.62500000e+00 1.86751004e+00
6.65000000e+00 2.19610506e+00
6.67500000e+00 2.58417134e+00
6.70000000e+00 3.04275841e+00
6.72500000e+00 3.58501979e+00
6.75000000e+00 4.22662299e+00
6.77500000e+00 4.98624119e+00
6.80000000e+00 5.88614314e+00
6.82500000e+00 6.95290143e+00
6.85000000e+00 8.21824326e+00
6.87500000e+00 9.72007307e+00
6.90000000e+00 1.15037024e+01
6.92500000e+00 1.36233297e+01
6.95000000e+00 1.61438223e+01
6.97500000e+00 1.91428634e+01
7.00000000e+00 2.27135394e+01
7.02500000e+00 2.69674613e+01
7.05000000e+00 3.20385317e+01
7.07500000e+00 3.80874935e+01
7.10000000e+00 4.53074254e+01
7.12500000e+00 5.39303867e+01
7.15000000e+00 6.42354545e+01
7.17500000e+00 7.65584518e+01
7.20000000e+00 9.13037291e+01
7.22500000e+00 1.08958441e+02
7.25000000e+00 1.30109855e+02
7.27500000e+00 1.55466355e+02
7.30000000e+00 1.85882929e+02
7.32500000e+00 2.22392136e+02
7.35000000e+00 2.66241736e+02
7.37500000e+00 3.18940446e+02
7.40000000e+00 3.82313621e+02
7.42500000e+00 4.58571034e+02
7.45000000e+00 5.50389454e+02
7.47500000e+00 6.61013286e+02
7.50000000e+00 7.94377321e+02
7.52500000e+00 9.55256521e+02
7.55000000e+00 1.14944892e+03
7.57500000e+00 1.38399907e+03
7.60000000e+00 1.66747118e+03
7.62500000e+00 2.01028329e+03
7.65000000e+00 2.42511612e+03
7.67500000e+00 2.92741389e+03
7.70000000e+00 3.53599795e+03
7.72500000e+00 4.27381903e+03
7.75000000e+00 5.16888022e+03
7.77500000e+00 6.25536983e+03
7.80000000e+00 7.57505282e+03
7.82500000e+00 9.17898073e+03
7.85000000e+00 1.11295944e+04
7.87500000e+00 1.35033111e+04
7.90000000e+00 1.63937095e+04
7.92500000e+00 1.99154530e+04
7.95000000e+00 2.42091257e+04
7.97500000e+00 2.94471967e+04
8.00000000e+00 3.58413790e+04
8.02500000e+00 4.36517177e+04
8.05000000e+00 5.31978168e+04
8.07500000e+00 6.48727184e+04
8.10000000e+00 7.91600702e+04
8.12500000e+00 9.66553733e+04
8.15000000e+00 1.18092295e+05
8.17500000e+00 1.44375276e+05
8.20000000e+00 1.76619954e+05
8.22500000e+00 2.16203317e+05
8.25000000e+00 2.64825962e+05
8.27500000e+00 3.24589418e+05
8.30000000e+00 3.98092250e+05
8.32500000e+00 4.88549563e+05
8.35000000e+00 5.99941700e+05
8.37500000e+00 7.37199374e+05
8.40000000e+00 9.06434296e+05
8.42500000e+00 1.11522665e+06
8.45000000e+00 1.37298363e+06
8.47500000e+00 1.69138692e+06
8.50000000e+00 2.08495141e+06
8.52500000e+00 2.57172335e+06
8.55000000e+00 3.17415311e+06
8.57500000e+00 3.92018702e+06
8.60000000e+00 4.84463393e+06
8.62500000e+00 5.99087682e+06
8.65000000e+00 7.41301762e+06
8.67500000e+00 9.17856677e+06
8.70000000e+00 1.13718176e+07
8.72500000e+00 1.40980825e+07
8.75000000e+00 1.74890145e+07
8.77500000e+00 2.17092958e+07
8.80000000e+00 2.69650492e+07
8.82500000e+00 3.35144241e+07
8.85000000e+00 4.16809246e+07
8.87500000e+00 5.18702028e+07
8.90000000e+00 6.45912286e+07
8.92500000e+00 8.04829934e+07
8.95000000e+00 1.00348215e+08
8.97500000e+00 1.25195903e+08
9.00000000e+00 1.56295148e+08
9.02500000e+00 1.95243132e+08
9.05000000e+00 2.44051180e+08
9.07500000e+00 3.05253681e+08
9.10000000e+00 3.82046074e+08
9.12500000e+00 4.78459723e+08
9.15000000e+00 5.99583706e+08
9.17500000e+00 7.51846244e+08
9.20000000e+00 9.43372043e+08
9.22500000e+00 1.18443629e+09
9.25000000e+00 1.48804178e+09
9.27500000e+00 1.87065303e+09
9.30000000e+00 2.35313065e+09
9.32500000e+00 2.96192119e+09
9.35000000e+00 3.73057349e+09
9.37500000e+00 4.70167197e+09
9.40000000e+00 5.92930319e+09
9.42500000e+00 7.48220459e+09
9.45000000e+00 9.44778651e+09
9.47500000e+00 1.19372727e+10
9.50000000e+00 1.50922746e+10
9.52500000e+00 1.90932033e+10
9.55000000e+00 2.41700416e+10
9.57500000e+00 3.06161435e+10
9.60000000e+00 3.88059248e+10
9.62500000e+00 4.92175556e+10
9.65000000e+00 6.24620853e+10
9.67500000e+00 7.93208454e+10
9.70000000e+00 1.00793515e+11
9.72500000e+00 1.28159921e+11
9.75000000e+00 1.63059551e+11
9.77500000e+00 2.07593908e+11
9.80000000e+00 2.64458363e+11
9.82500000e+00 3.37112089e+11
9.85000000e+00 4.29997226e+11
9.87500000e+00 5.48821695e+11
9.90000000e+00 7.00924375e+11
9.92500000e+00 8.95746900e+11
9.95000000e+00 1.14544360e+12
9.97500000e+00 1.46567046e+12


9.97500000e+00 2.47577453e-22
9.95000000e+00 3.17595871e-22
9.92500000e+00 4.07161952e-22
9.90000000e+00 5.21660698e-22
9.87500000e+00 6.67940289e-22
9.85000000e+00 8.54704041e-22
9.82500000e+00 1.09300581e-21
9.80000000e+00 1.39687575e-21
9.77500000e+00 1.78411023e-21
9.75000000e+00 2.27726823e-21
9.72500000e+00 2.90492742e-21
9.70000000e+00 3.70326662e-21
9.67500000e+00 4.71805796e-21
9.65000000e+00 6.00717326e-21
9.62500000e+00 7.64373533e-21
9.60000000e+00 9.72007729e-21
9.57500000e+00 1.23527141e-20
9.55000000e+00 1.56885808e-20
9.52500000e+00 1.99128545e-20
9.50000000e+00 2.52587571e-20
9.47500000e+00 3.20198303e-20
9.45000000e+00 4.05652979e-20
9.42500000e+00 5.13592777e-20
9.40000000e+00 6.49847926e-20
9.37500000e+00 8.21737601e-20
9.35000000e+00 1.03844422e-19
9.32500000e+00 1.31148033e-19
9.30000000e+00 1.65527053e-19
9.27500000e+00 2.08787634e-19
9.25000000e+00 2.63189862e-19
9.22500000e+00 3.31559999e-19
9.20000000e+00 4.17430036e-19
9.17500000e+00 5.25211045e-19
9.15000000e+00 6.60408412e-19
9.12500000e+00 8.29888856e-19
9.10000000e+00 1.04221150e-18
9.07500000e+00 1.30803804e-18
9.05000000e+00 1.64064070e-18
9.02500000e+00 2.05653059e-18
9.00000000e+00 2.57623489e-18
8.97500000e+00 3.22525702e-18
8.95000000e+00 4.03526249e-18
8.92500000e+00 5.04554215e-18
8.90000000e+00 6.30481686e-18
8.87500000e+00 7.87346135e-18
8.85000000e+00 9.82624328e-18
8.82500000e+00 1.22556941e-17
8.80000000e+00 1.52762549e-17
8.77500000e+00 1.90293726e-17
8.75000000e+00 2.36897583e-17
8.72500000e+00 2.94730701e-17
8.70000000e+00 3.66453361e-17
8.67500000e+00 4.55345058e-17
8.65000000e+00 5.65445994e-17
8.62500000e+00 7.01730286e-17
8.60000000e+00 8.70317859e-17
8.57500000e+00 1.07873347e-16
8.55000000e+00 1.33622318e-16
8.52500000e+00 1.65414063e-16
8.50000000e+00 2.04641845e-16
8.47500000e+00 2.53014285e-16
8.45000000e+00 3.12625373e-16
8.42500000e+00 3.86039718e-16
8.40000000e+00 4.76396255e-16
8.37500000e+00 5.87534363e-16
8.35000000e+00 7.24147087e-16
8.32500000e+00 8.91967206e-16
8.30000000e+00 1.09799299e-15
8.27500000e+00 1.35076200e-15
8.25000000e+00 1.66068278e-15
8.22500000e+00 2.04043663e-15
8.20000000e+00 2.50546374e-15
8.17500000e+00 3.07455110e-15
8.15000000e+00 3.77054294e-15
8.12500000e+00 4.62119875e-15
8.10000000e+00 5.66022878e-15
8.07500000e+00 6.92854280e-15
8.05000000e+00 8.47575519e-15
8.02500000e+00 1.03619975e-14
8.00000000e+00 1.26601003e-14
7.97500000e+00 1.54582166e-14
7.95000000e+00 1.88629759e-14
7.92500000e+00 2.30032719e-14
7.90000000e+00 2.80348086e-14
7.87500000e+00 3.41455535e-14
7.85000000e+00 4.15622738e-14
7.82500000e+00 5.05583649e-14
7.80000000e+00 6.14632216e-14
7.77500000e+00 7.46734470e-14
7.75000000e+00 9.06662509e-14
7.72500000e+00 1.10015454e-13
7.70000000e+00 1.33410592e-13
7.67500000e+00 1.61679704e-13
7.65000000e+00 1.95816497e-13
7.62500000e+00 2.37012705e-13
7.60000000e+00 2.86696609e-13
7.57500000e+00 3.46578855e-13
7.55000000e+00 4.18706928e-13
7.52500000e+00 5.05529854e-13
7.50000000e+00 6.09975016e-13
7.47500000e+00 7.35539268e-13
7.45000000e+00 8.86396958e-13
7.42500000e+00 1.06752788e-12
7.40000000e+00 1.28486877e-12
7.37500000e+00 1.54549249e-12
7.35000000e+00 1.85781985e-12
7.32500000e+00 2.23186990e-12
7.30000000e+00 2.67955533e-12
7.27500000e+00 3.21503095e-12
7.25000000e+00 3.85510457e-12
7.22500000e+00 4.61972096e-12
7.20000000e+00 5.53253157e-12
7.17500000e+00 6.62156480e-12
7.15000000e+00 7.92001385e-12
7.12500000e+00 9.46716234e-12
7.10000000e+00 1.13094708e-11
7.07500000e+00 1.35018512e-11
7.05000000e+00 1.61091611e-11
7.02500000e+00 1.92079540e-11
7.00000000e+00 2.28885281e-11
6.97500000e+00 2.72573229e-11
6.95000000e+00 3.24397207e-11
6.92500000e+00 3.85833193e-11
6.90000000e+00 4.58617522e-11
6.87500000e+00 5.44791437e-11
6.85000000e+00 6.46753037e-11
6.82500000e+00 7.67317767e-11
6.80000000e+00 9.09788842e-11
6.77500000e+00 1.07803915e-10
6.75000000e+00 1.27660644e-10
6.72500000e+00 1.51080392e-10
6.70000000e+00 1.78684857e-10
6.67500000e+00 2.11200998e-10
6.65000000e+00 2.49478290e-10
6.62500000e+00 2.94508697e-10
6.60000000e+00 3.47449796e-10
6.57500000e+00 4.09651522e-10
6.55000000e+00 4.82687060e-10
6.52500000e+00 5.68388539e-10
6.50000000e+00 6.68888209e-10
6.47500000e+00 7.86665930e-10
6.45000000e+00 9.24603888e-10
6.42500000e+00 1.08604960e-09
6.40000000e+00 1.27488843e-09
6.37500000e+00 1.49562690e-09
6.35000000e+00 1.75348853e-09
6.32500000e+00 2.05452374e-09
6.30000000e+00 2.40573601e-09
6.27500000e+00 2.81522653e-09
6.25000000e+00 3.29235984e-09
6.22500000e+00 3.84795350e-09
6.20000000e+00 4.49449506e-09
6.17500000e+00 5.24638998e-09
6.15000000e+00 6.12024495e-09
6.12500000e+00 7.13519111e-09
6.10000000e+00 8.31325278e-09
6.07500000e+00 9.67976767e-09
6.05000000e+00 1.12638654e-08
6.02500000e+00 1.30990120e-08
6.00000000e+00 1.52236293e-08
5.97500000e+00 1.76817983e-08
5.95000000e+00 2.05240580e-08
5.92500000e+00 2.38083120e-08
5.90000000e+00 2.76008558e-08
5.87500000e+00 3.19775407e-08
5.85000000e+00 3.70250917e-08
5.82500000e+00 4.28425978e-08
5.80000000e+00 4.95431961e-08
5.77500000e+00 5.72559748e-08
5.75000000e+00 6.61281201e-08
5.72500000e+00 7.63273370e-08
5.70000000e+00 8.80445775e-08
5.67500000e+00 1.01497112e-07
5.65000000e+00 1.16931987e-07
5.62500000e+00 1.34629906e-07
5.60000000e+00 1.54909597e-07
5.57500000e+00 1.78132711e-07
5.55000000e+00 2.04709312e-07
5.52500000e+00 2.35104038e-07
5.50000000e+00 2.69842995e-07
5.47500000e+00 3.09521469e-07
5.45000000e+00 3.54812553e-07
5.42500000e+00 4.06476783e-07
5.40000000e+00 4.65372891e-07
5.37500000e+00 5.32469808e-07
5.35000000e+00 6.08860027e-07
5.32500000e+00 6.95774497e-07
5.30000000e+00 7.94599192e-07
5.27500000e+00 9.06893524e-07
5.25000000e+00 1.03441081e-06
5.22500000e+00 1.17912099e-06
5.20000000e+00 1.34323580e-06
5.17500000e+00 1.52923671e-06
5.15000000e+00 1.73990582e-06
5.12500000e+00 1.97836005e-06
5.10000000e+00 2.24808898e-06
5.07500000e+00 2.55299655e-06
5.05000000e+00 2.89744717e-06
5.02500000e+00 3.28631655e-06
5.00000000e+00 3.72504762e-06
4.97500000e+00 4.21971222e-06
4.95000000e+00 4.77707880e-06
4.92500000e+00 5.40468697e-06
4.90000000e+00 6.11092923e-06
4.87500000e+00 6.90514067e-06
4.85000000e+00 7.79769735e-06
4.82500000e+00 8.80012392e-06
4.80000000e+00 9.92521145e-06
4.77500000e+00 1.11871463e-05
4.75000000e+00 1.26016506e-05
4.72500000e+00 1.41861359e-05
4.70000000e+00 1.59598707e-05
4.67500000e+00 1.79441623e-05
4.65000000e+00 2.01625555e-05
4.62500000e+00 2.26410482e-05
4.60000000e+00 2.54083260e-05
4.57500000e+00 2.84960158e-05
4.55000000e+00 3.19389622e-05
4.52500000e+00 3.57755258e-05
4.50000000e+00 4.00479065e-05
4.47500000e+00 4.48024928e-05
4.45000000e+00 5.00902393e-05
4.42500000e+00 5.59670739e-05
4.40000000e+00 6.24943368e-05
4.37500000e+00 6.97392533e-05
4.35000000e+00 7.77754424e-05
4.32500000e+00 8.66834633e-05
4.30000000e+00 9.65514023e-05
4.27500000e+00 1.07475503e-04
4.25000000e+00 1.19560838e-04
4.22500000e+00 1.32922036e-04
4.20000000e+00 1.47684046e-04
4.17500000e+00 1.63982971e-04
4.15000000e+00 1.81966937e-04
4.12500000e+00 2.01797037e-04
4.10000000e+00 2.23648327e-04
4.07500000e+00 2.47710884e-04
4.05000000e+00 2.74190935e-04
4.02500000e+00 3.03312048e-04
4.00000000e+00 3.35316402e-04
3.97500000e+00 3.70466123e-04
3.95000000e+00 4.09044700e-04
3.92500000e+00 4.51358480e-04
3.90000000e+00 4.97738242e-04
3.87500000e+00 5.48540856e-04
3.85000000e+00 6.04151026e-04
3.82500000e+00 6.64983119e-04
3.80000000e+00 7.31483091e-04
3.77500000e+00 8.04130488e-04
3.75000000e+00 8.83440556e-04
3.72500000e+00 9.69966428e-04
3.70000000e+00 1.06430142e-03
3.67500000e+00 1.16708139e-03
3.65000000e+00 1.27898725e-03
3.62500000e+00 1.40074748e-03
3.60000000e+00 1.53314085e-03
3.57500000e+00 1.67699908e-03
3.55000000e+00 1.83320976e-03
3.52500000e+00 2.00271922e-03
3.50000000e+00 2.18653551e-03
3.47500000e+00 2.38573153e-03
3.45000000e+00 2.60144814e-03
3.42500000e+00 2.83489738e-03
3.40000000e+00 3.08736572e-03
3.37500000e+00 3.36021743e-03
3.35000000e+00 3.65489789e-03
3.32500000e+00 3.97293704e-03
3.30000000e+00 4.31595278e-03
3.27500000e+00 4.68565438e-03
3.25000000e+00 5.08384599e-03
3.22500000e+00 5.51242998e-03
3.20000000e+00 5.97341038e-03
3.17500000e+00 6.46889624e-03
3.15000000e+00 7.00110489e-03
3.12500000e+00 7.57236518e-03
3.10000000e+00 8.18512058e-03
3.07500000e+00 8.84193219e-03
3.05000000e+00 9.54548158e-03
3.02500000e+00 1.02985735e-02
3.00000000e+00 1.11041385e-02
2.97500000e+00 1.19652350e-02
2.95000000e+00 1.28850516e-02
2.92500000e+00 1.38669088e-02
2.90000000e+00 1.49142604e-02
2.87500000e+00 1.60306949e-02
2.85000000e+00 1.72199364e-02
2.82500000e+00 1.84858448e-02
2.80000000e+00 1.98324163e-02
2.77500000e+00 2.12637825e-02
2.75000000e+00 2.27842103e-02
2.72500000e+00 2.43980999e-02
2.70000000e+00 2.61099834e-02
2.67500000e+00 2.79245224e-02
2.65000000e+00 2.98465046e-02
2.62500000e+00 3.18808407e-02
2.60000000e+00 3.40325602e-02
2.57500000e+00 3.63068058e-02
2.55000000e+00 3.87088287e-02
2.52500000e+00 4.12439816e-02
2.50000000e+00 4.39177117e-02
2.47500000e+00 4.67355534e-02
2.45000000e+00 4.97031189e-02
2.42500000e+00 5.28260891e-02
2.40000000e+00 5.61102035e-02
2.37500000e+00 5.95612486e-02
2.35000000e+00 6.31850466e-02
2.32500000e+00 6.69874417e-02
2.30000000e+00 7.09742873e-02
2.27500000e+00 7.51514310e-02
2.25000000e+00 7.95246992e-02
2.22500000e+00 8.40998810e-02
2.20000000e+00 8.88827112e-02
2.17500000e+00 9.38788524e-02
2.15000000e+00 9.90938761e-02
2.12500000e+00 1.04533244e-01
2.10000000e+00 1.10202286e-01
2.07500000e+00 1.16106182e-01
2.05000000e+00 1.22249940e-01
2.02500000e+00 1.28638370e-01
2.00000000e+00 1.35276067e-01
1.97500000e+00 1.42167385e-01
1.95000000e+00 1.49316413e-01
1.92500000e+00 1.56726952e-01
1.90000000e+00 1.64402490e-01
1.87500000e+00 1.72346180e-01
1.85000000e+00 1.80560811e-01
1.82500000e+00 1.89048789e-01
1.80000000e+00 1.97812107e-01
1.77500000e+00 2.06852323e-01
1.75000000e+00 2.16170538e-01
1.72500000e+00 2.25767367e-01
1.70000000e+00 2.35642923e-01
1.67500000e+00 2.45796786e-01
1.65000000e+00 2.56227986e-01
1.62500000e+00 2.66934983e-01
1.60000000e+00 2.77915641e-01
1.57500000e+00 2.89167215e-01
1.55000000e+00 3.00686327e-01
1.52500000e+00 3.12468954e-01
1.50000000e+00 3.24510410e-01
1.47500000e+00 3.36805333e-01
1.45000000e+00 3.49347670e-01
1.42500000e+00 3.62130671e-01
1.40000000e+00 3.75146875e-01
1.37500000e+00 3.88388107e-01
1.35000000e+00 4.01845471e-01
1.32500000e+00 4.15509349e-01
1.30000000e+00 4.29369397e-01
1.27500000e+00 4.43414551e-01
1.25000000e+00 4.57633028e-01
1.22500000e+00 4.72012333e-01
1.20000000e+00 4.86539268e-01
1.17500000e+00 5.01199945e-01
1.15000000e+00 5.15979798e-01
1.12500000e+00 5.30863599e-01
1.10000000e+00 5.45835481e-01
1.07500000e+00 5.60878953e-01
1.05000000e+00 5.75976933e-01
1.02500000e+00 5.91111766e-01
1.00000000e+00 6.06265260e-01
9.75000000e-01 6.21418714e-01
9.50000000e-01 6.36552955e-01
9.25000000e-01 6.51648374e-01
9.00000000e-01 6.66684961e-01
8.75000000e-01 6.81642353e-01
8.50000000e-01 6.96499874e-01
8.25000000e-01 7.11236576e-01
8.00000000e-01 7.25831295e-01
7.75000000e-01 7.40262691e-01
7.50000000e-01 7.54509305e-01
7.25000000e-01 7.68549607e-01
7.00000000e-01 7.82362048e-01
6.75000000e-01 7.95925120e-01
6.50000000e-01 8.09217402e-01
6.25000000e-01 8.22217625e-01
6.00000000e-01 8.34904720e-01
5.75000000e-01 8.47257879e-01
5.50000000e-01 8.59256612e-01
5.25000000e-01 8.70880797e-01
5.00000000e-01 8.82110746e-01
4.75000000e-01 8.92927250e-01
4.50000000e-01 9.03311640e-01
4.25000000e-01 9.13245840e-01
4.00000000e-01 9.22712415e-01
3.75000000e-01 9.31694629e-01
3.50000000e-01 9.40176487e-01
3.25000000e-01 9.48142787e-01
3.00000000e-01 9.55579163e-01
2.75000000e-01 9.62472130e-01
2.50000000e-01 9.68809124e-01
2.25000000e-01 9.74578539e-01
2.00000000e-01 9.79769764e-01
1.75000000e-01 9.84373216e-01
1.50000000e-01 9.88380366e-01
1.25000000e-01 9.91783770e-01
1.00000000e-01 9.94577088e-01
7.50000000e-02 9.96755107e-01
5.00000000e-02 9.98313754e-01
2.50000000e-02 9.99250112e-01
-7.48776041e-14 9.99562427e-01
-2.50000000e-02 9.99250113e-01
-5.00000000e-02 9.98313755e-01
-7.50000000e-02 9.96755108e-01
-1.00000000e-01 9.94577089e-01
-1.25000000e-01 9.91783771e-01
-1.50000000e-01 9.88380367e-01
-1.75000000e-01 9.84373217e-01
-2.00000000e-01 9.79769766e-01
-2.25000000e-01 9.74578541e-01
-2.50000000e-01 9.68809126e-01
-2.75000000e-01 9.62472132e-01
-3.00000000e-01 9.55579165e-01
-3.25000000e-01 9.48142789e-01
-3.50000000e-01 9.40176490e-01
-3.75000000e-01 9.31694632e-01
-4.00000000e-01 9.22712418e-01
-4.25000000e-01 9.13245842e-01
-4.50000000e-01 9.03311643e-01
-4.75000000e-01 8.92927253e-01
-5.00000000e-01 8.82110749e-01
-5.25000000e-01 8.70880801e-01
-5.50000000e-01 8.59256615e-01
-5.75000000e-01 8.47257883e-01
-6.00000000e-01 8.34904724e-01
-6.25000000e-01 8.22217629e-01
-6.50000000e-01 8.09217407e-01
-6.75000000e-01 7.95925124e-01
-7.00000000e-01 7.82362053e-01
-7.25000000e-01 7.68549612e-01
-7.50000000e-01 7.54509310e-01
-7.75000000e-01 7.40262696e-01
-8.00000000e-01 7.25831300e-01
-8.25000000e-01 7.11236581e-01
-8.50000000e-01 6.96499879e-01
-8.75000000e-01 6.81642359e-01
-9.00000000e-01 6.66684967e-01
-9.25000000e-01 6.51648379e-01
-9.50000000e-01 6.36552961e-01
-9.75000000e-01 6.21418720e-01
-1.00000000e+00 6.06265266e-01
-1.02500000e+00 5.91111772e-01
-1.05000000e+00 5.75976939e-01
-1.07500000e+00 5.60878960e-01
-1.10000000e+00 5.45835488e-01
-1.12500000e+00 5.30863606e-01
-1.15000000e+00 5.15979805e-01
-1.17500000e+00 5.01199952e-01
-1.20000000e+00 4.86539275e-01
-1.22500000e+00 4.72012340e-01
-1.25000000e+00 4.57633036e-01
-1.27500000e+00 4.43414559e-01
-1.30000000e+00 4.29369405e-01
-1.32500000e+00 4.15509357e-01
-1.35000000e+00 4.01845480e-01
-1.37500000e+00 3.88388115e-01
-1.40000000e+00 3.75146884e-01
-1.42500000e+00 3.62130680e-01
-1.45000000e+00 3.49347679e-01
-1.47500000e+00 3.36805342e-01
-1.50000000e+00 3.24510420e-01
-1.52500000e+00 3.12468964e-01
-1.55000000e+00 3.00686337e-01
-1.57500000e+00 2.89167225e-01
-1.60000000e+00 2.77915651e-01
-1.62500000e+00 2.66934993e-01
-1.65000000e+00 2.56227997e-01
-1.67500000e+00 2.45796797e-01
-1.70000000e+00 2.35642934e-01
-1.72500000e+00 2.25767379e-01
-1.75000000e+00 2.16170550e-01
-1.77500000e+00 2.06852335e-01
-1.80000000e+00 1.97812119e-01
-1.82500000e+00 1.89048802e-01
-1.85000000e+00 1.80560825e-01
-1.87500000e+00 1.72346193e-01
-1.90000000e+00 1.64402504e-01
-1.92500000e+00 1.56726966e-01
-1.95000000e+00 1.49316428e-01
-1.97500000e+00 1.42167401e-01
-2.00000000e+00 1.35276083e-01
-2.02500000e+00 1.28638387e-01
-2.05000000e+00 1.22249957e-01
-2.07500000e+00 1.16106200e-01
-2.10000000e+00 1.10202304e-01
-2.12500000e+00 1.04533263e-01
-2.15000000e+00 9.90938960e-02
-2.17500000e+00 9.38788731e-02
-2.20000000e+00 8.88827328e-02
-2.22500000e+00 8.40999034e-02
-2.25000000e+00 7.95247225e-02
-2.27500000e+00 7.51514553e-02
-2.30000000e+00 7.09743127e-02
-2.32500000e+00 6.69874682e-02
-2.35000000e+00 6.31850743e-02
-2.37500000e+00 5.95612777e-02
-2.40000000e+00 5.61102338e-02
-2.42500000e+00 5.28261209e-02
-2.45000000e+00 4.97031522e-02
-2.47500000e+00 4.67355884e-02
-2.50000000e+00 4.39177485e-02
-2.52500000e+00 4.12440202e-02
-2.55000000e+00 3.87088694e-02
-2.57500000e+00 3.63068487e-02
-2.60000000e+00 3.40326053e-02
-2.62500000e+00 3.18808883e-02
-2.65000000e+00 2.98465548e-02
-2.67500000e+00 2.79245754e-02
-2.70000000e+00 2.61100395e-02
-2.72500000e+00 2.43981592e-02
-2.75000000e+00 2.27842731e-02
-2.77500000e+00 2.12638491e-02
-2.80000000e+00 1.98324868e-02
-2.82500000e+00 1.84859197e-02
-2.85000000e+00 1.72200159e-02
-2.87500000e+00 1.60307794e-02
-2.90000000e+00 1.49143502e-02
-2.92500000e+00 1.38670045e-02
-2.95000000e+00 1.28851536e-02
-2.97500000e+00 1.19653437e-02
-3.00000000e+00 1.11042544e-02
-3.02500000e+00 1.02986973e-02
-3.05000000e+00 9.54561379e-03
-3.07500000e+00 8.84207354e-03
-3.10000000e+00 8.18527184e-03
-3.12500000e+00 7.57252715e-03
-3.15000000e+00 7.00127846e-03
-3.17500000e+00 6.46908237e-03
-3.20000000e+00 5.97361013e-03
-3.22500000e+00 5.51264450e-03
-3.25000000e+00 5.08407655e-03
-3.27500000e+00 4.68590235e-03
-3.30000000e+00 4.31621966e-03
-3.32500000e+00 3.97322449e-03
-3.35000000e+00 3.65520771e-03
-3.37500000e+00 3.36055160e-03
-3.40000000e+00 3.08772641e-03
-3.42500000e+00 2.83528697e-03
-3.45000000e+00 2.60186925e-03
-3.47500000e+00 2.38618703e-03
-3.50000000e+00 2.18702855e-03
-3.52500000e+00 2.00325326e-03
-3.55000000e+00 1.83378863e-03
-3.57500000e+00 1.67762698e-03
-3.60000000e+00 1.53382239e-03
-3.62500000e+00 1.40148778e-03
-3.65000000e+00 1.27979191e-03
-3.67500000e+00 1.16795662e-03
-3.70000000e+00 1.06525406e-03
-3.72500000e+00 9.71004048e-04
-3.75000000e+00 8.84571509e-04
-3.77500000e+00 8.05364014e-04
-3.80000000e+00 7.32829414e-04
-3.82500000e+00 6.66453558e-04
-3.85000000e+00 6.05758118e-04
-3.87500000e+00 5.50298498e-04
-3.90000000e+00 4.99661844e-04
-3.92500000e+00 4.53465141e-04
-3.95000000e+00 4.11353404e-04
-3.97500000e+00 3.72997962e-04
-4.00000000e+00 3.38094818e-04
-4.02500000e+00 3.06363114e-04
-4.05000000e+00 2.77543666e-04
-4.07500000e+00 2.51397589e-04
-4.10000000e+00 2.27704999e-04
-4.12500000e+00 2.06263803e-04
-4.15000000e+00 1.86888553e-04
-4.17500000e+00 1.69409391e-04
-4.20000000e+00 1.53671054e-04
-4.22500000e+00 1.39531963e-04
-4.25000000e+00 1.26863373e-04
-4.27500000e+00 1.15548606e-04
-4.30000000e+00 1.05482338e-04
-4.32500000e+00 9.65699670e-05
-4.35000000e+00 8.87270421e-05
-4.37500000e+00 8.18787642e-05
-4.40000000e+00 7.59595543e-05
-4.42500000e+00 7.09126915e-05
-4.45000000e+00 6.66900234e-05
-4.47500000e+00 6.32517489e-05
-4.50000000e+00 6.05662786e-05
-4.52500000e+00 5.86101750e-05
-4.55000000e+00 5.73681784e-05
-4.57500000e+00 5.68333232e-05
-4.60000000e+00 5.70071531e-05
-4.62500000e+00 5.79000423e-05
-4.65000000e+00 5.95316338e-05
-4.67500000e+00 6.19314073e-05
-4.70000000e+00 6.51393893e-05
-4.72500000e+00 6.92070243e-05
-4.75000000e+00 7.41982242e-05
-4.77500000e+00 8.01906222e-05
-4.80000000e+00 8.72770543e-05
-4.82500000e+00 9.55673024e-05
-4.85000000e+00 1.05190134e-04
-4.87500000e+00 1.16295683e-04
-4.90000000e+00 1.29058214e-04
-4.92500000e+00 1.43679341e-04
-4.95000000e+00 1.60391747e-04
-4.97500000e+00 1.79463506e-04
-5.00000000e+00 2.01203073e-04
-5.02500000e+00 2.25965068e-04
-5.05000000e+00 2.54156956e-04
-5.07500000e+00 2.86246783e-04
-5.10000000e+00 3.22772117e-04
-5.12500000e+00 3.64350395e-04
-5.15000000e+00 4.11690896e-04
-5.17500000e+00 4.65608601e-04
-5.20000000e+00 5.27040237e-04
-5.22500000e+00 5.97062868e-04
-5.25000000e+00 6.76915437e-04
-5.27500000e+00 7.68023745e-04
-5.30000000e+00 8.72029420e-04
-5.32500000e+00 9.90823547e-04
-5.35000000e+00 1.12658571e-03
-5.37500000e+00 1.28182934e-03
-5.40000000e+00 1.45945447e-03
-5.42500000e+00 1.66280901e-03
-5.45000000e+00 1.89576013e-03
-5.47500000e+00 2.16277731e-03
-5.50000000e+00 2.46902913e-03
-5.52500000e+00 2.82049602e-03
-5.55000000e+00 3.22410181e-03
-5.57500000e+00 3.68786721e-03
-5.60000000e+00 4.22108896e-03
-5.62500000e+00 4.83454911e-03
-5.65000000e+00 5.54075969e-03
-5.67500000e+00 6.35424874e-03
-5.70000000e+00 7.29189504e-03
-5.72500000e+00 8.37332001e-03
-5.75000000e+00 9.62134674e-03
-5.77500000e+00 1.10625380e-02
-5.80000000e+00 1.27278274e-02
-5.82500000e+00 1.46532594e-02
-5.85000000e+00 1.68808590e-02
-5.87500000e+00 1.94596526e-02
-5.90000000e+00 2.24468682e-02
-5.92500000e+00 2.59093472e-02
-5.95000000e+00 2.99252049e-02
-5.97500000e+00 3.45857865e-02
-6.00000000e+00 3.99979708e-02
-6.02500000e+00 4.62868854e-02
-6.05000000e+00 5.35991097e-02
-6.07500000e+00 6.21064544e-02
-6.10000000e+00 7.20104232e-02
-6.12500000e+00 8.35474854e-02
-6.15000000e+00 9.69953075e-02
-6.17500000e+00 1.12680124e-01
-6.20000000e+00 1.30985459e-01
-6.22500000e+00 1.52362458e-01
-6.25000000e+00 1.77342121e-01
-6.27500000e+00 2.06549812e-01
-6.30000000e+00 2.40722465e-01
-6.32500000e+00 2.80729005e-01
-6.35000000e+00 3.27594600e-01
-6.37500000e+00 3.82529474e-01
-6.40000000e+00 4.46963162e-01
-6.42500000e+00 5.22585258e-01
-6.45000000e+00 6.11393919e-01
-6.47500000e+00 7.15753619e-01
-6.50000000e+00 8.38463976e-01
-6.52500000e+00 9.82841811e-01
-6.55000000e+00 1.15281904e+00
-6.57500000e+00 1.35305953e+00
-6.60000000e+00 1.58909864e+00
-6.62500000e+00 1.86751004e+00
-6.65000000e+00 2.19610506e+00
-6.67500000e+00 2.58417134e+00
-6.70000000e+00 3.04275841e+00
-6.72500000e+00 3.58501979e+00
-6.75000000e+00 4.22662299e+00
-6.77500000e+00 4.98624119e+00
-6.80000000e+00 5.88614314e+00
-6.82500000e+00 6.95290143e+00
-6.85000000e+00 8.21824326e+00
-6.87500000e+00 9.72007307e+00
-6.90000000e+00 1.15037024e+01
-6.92500000e+00 1.36233297e+01
-6.95000000e+00 1.61438223e+01
-6.97500000e+00 1.91428634e+01
-7.00000000e+00 2.27135394e+01
-7.02500000e+00 2.69674613e+01
-7.05000000e+00 3.20385317e+01
-7.07500000e+00 3.80874935e+01
-7.10000000e+00 4.53074254e+01
-7.12500000e+00 5.39303867e+01
-7.15000000e+00 6.42354545e+01
-7.17500000e+00 7.65584518e+01
-7.20000000e+00 9.13037291e+01
-7.22500000e+00 1.08958441e+02
-7.25000000e+00 1.30109855e+02
-7.27500000e+00 1.55466355e+02
-7.30000000e+00 1.85882929e+02
-7.32500000e+00 2.22392136e+02
-7.35000000e+00 2.66241736e+02
-7.37500000e+00 3.18940446e+02
-7.40000000e+00 3.82313621e+02
-7.42500000e+00 4.58571034e+02
-7.45000000e+00 5.50389454e+02
-7.47500000e+00 6.61013286e+02
-7.50000000e+00 7.94377321e+02
-7.52500000e+00 9.55256521e+02
-7.55000000e+00 1.14944892e+03
-7.57500000e+00 1.38399907e+03
-7.60000000e+00 1.66747118e+03
-7.62500000e+00 2.01028329e+03
-7.65000000e+00 2.42511612e+03
-7.67500000e+00 2.92741389e+03
-7.70000000e+00 3.53599795e+03
-7.72500000e+00 4.27381903e+03
-7.75000000e+00 5.16888022e+03
-7.77500000e+00 6.25536983e+03
-7.80000000e+00 7.57505282e+03
-7.82500000e+00 9.17898073e+03
-7.85000000e+00 1.11295944e+04
-7.87500000e+00 1.35033111e+04
-7.90000000e+00 1.63937095e+04
-7.92500000e+00 1.99154530e+04
-7.95000000e+00 2.42091257e+04
-7.97500000e+00 2.94471967e+04
-8.00000000e+00 3.58413790e+04
-8.02500000e+00 4.36517177e+04
-8.05000000e+00 5.31978168e+04
-8.07500000e+00 6.48727184e+04
-8.10000000e+00 7.91600702e+04
-8.12500000e+00 9.66553733e+04
-8.15000000e+00 1.18092295e+05
-8.17500000e+00 1.44375276e+05
-8.20000000e+00 1.76619954e+05
-8.22500000e+00 2.16203317e+05
-8.25000000e+00 2.64825962e+05
-8.27500000e+00 3.24589418e+05
-8.30000000e+00 3.98092250e+05
-8.32500000e+00 4.88549563e+05
-8.35000000e+00 5.99941700e+05
-8.37500000e+00 7.37199374e+05
-8.40000000e+00 9.06434296e+05
-8.42500000e+00 1.11522665e+06
-8.45000000e+00 1.37298363e+06
-8.47500000e+00 1.69138692e+06
-8.50000000e+00 2.08495141e+06
-8.52500000e+00 2.57172335e+06
-8.55000000e+00 3.17415311e+06
-8.57500000e+00 3.92018702e+06
-8.60000000e+00 4.84463393e+06
-8.62500000e+00 5.99087682e+06
-8.65000000e+00 7.41301762e+06
-8.67500000e+00 9.17856677e+06
-8.70000000e+00 1.13718176e+07
-8.72500000e+00 1.40980825e+07
-8.75000000e+00 1.74890145e+07
-8.77500000e+00 2.17092958e+07
-8.80000000e+00 2.69650492e+07
-8.82500000e+00 3.35144241e+07
-8.85000000e+00 4.16809246e+07
-8.87500000e+00 5.18702028e+07
-8.90000000e+00 6.45912286e+07
-8.92500000e+00 8.04829934e+07
-8.95000000e+00 1.00348215e+08
-8.97500000e+00 1.25195903e+08
-9.00000000e+00 1.56295148e+08
-9.02500000e+00 1.95243132e+08
-9.05000000e+00 2.44051180e+08
-9.07500000e+00 3.05253681e+08
-9.10000000e+00 3.82046074e+08
-9.12500000e+00 4.78459723e+08
-9.15000000e+00 5.99583706e+08
-9.17500000e+00 7.51846244e+08
-9.20000000e+00 9.43372043e+08
-9.22500000e+00 1.18443629e+09
-9.25000000e+00 1.48804178e+09
-9.27500000e+00 1.87065303e+09
-9.30000000e+00 2.35313065e+09
-9.32500000e+00 2.96192119e+09
-9.35000000e+00 3.73057349e+09
-9.37500000e+00 4.70167197e+09
-9.40000000e+00 5.92930319e+09
-9.42500000e+00 7.48220459e+09
-9.45000000e+00 9.44778651e+09
-9.47500000e+00 1.19372727e+10
-9.50000000e+00 1.50922746e+10
-9.52500000e+00 1.90932033e+10
-9.55000000e+00 2.41700416e+10
-9.57500000e+00 3.06161435e+10
-9.60000000e+00 3.88059248e+10
-9.62500000e+00 4.92175556e+10
-9.65000000e+00 6.24620853e+10
-9.67500000e+00 7.93208454e+10
-9.70000000e+00 1.00793515e+11
-9.72500000e+00 1.28159921e+11
-9.75000000e+00 1.63059551e+11
-9.77500000e+00 2.07593908e+11
-9.80000000e+00 2.64458363e+11
-9.82500000e+00 3.37112089e+11
-9.85000000e+00 4.29997226e+11
-9.87500000e+00 5.48821695e+11
-9.90000000e+00 7.00924375e+11
-9.92500000e+00 8.95746900e+11
-9.95000000e+00 1.14544360e+12
-9.97500000e+00 1.46567046e+12


1.00000000e-03 1.41102227e+00
6.00500501e-03 1.41093127e+00
1.10100100e-02 1.41083688e+00
1.60150150e-02 1.41073895e+00
2.10200200e-02 1.41063730e+00
2.60250250e-02 1.41053176e+00
3.10300300e-02 1.41042214e+00
3.60350350e-02 1.41030825e+00
4.10400400e-02 1.41018988e+00
4.60450450e-02 1.41006680e+00
5.10500501e-02 1.40993879e+00
5.60550551e-02 1.40980560e+00
6.10600601e-02 1.40966697e+00
6.60650651e-02 1.40952261e+00
7.10700701e-02 1.40937223e+00
7.60750751e-02 1.40921551e+00
8.10800801e-02 1.40905213e+00
8.60850851e-02 1.40888172e+00
9.10900901e-02 1.40870391e+00
9.60950951e-02 1.40851829e+00
1.01100100e-01 1.40832444e+00
1.06105105e-01 1.40812189e+00
1.11110110e-01 1.40791015e+00
1.16115115e-01 1.40768871e+00
1.21120120e-01 1.40745699e+00
1.26125125e-01 1.40721440e+00
1.31130130e-01 1.40696030e+00
1.36135135e-01 1.40669400e+00
1.41140140e-01 1.40641477e+00
1.46145145e-01 1.40612180e+00
1.51150150e-01 1.40581425e+00
1.56155155e-01 1.40549120e+00
1.61160160e-01 1.40515167e+00
1.66165165e-01 1.40479459e+00
1.71170170e-01 1.40441882e+00
1.76175175e-01 1.40402311e+00
1.81180180e-01 1.40360614e+00
1.86185185e-01 1.40316645e+00
1.91190190e-01 1.40270247e+00
1.96195195e-01 1.40221251e+00
2.01200200e-01 1.40169471e+00
2.06205205e-01 1.40114708e+00
2.11210210e-01 1.40056743e+00
2.16215215e-01 1.39995339e+00
2.21220220e-01 1.39930235e+00
2.26225225e-01 1.39861148e+00
2.31230230e-01 1.39787769e+00
2.36235235e-01 1.39709757e+00
2.41240240e-01 1.39626741e+00
2.46245245e-01 1.39538311e+00
2.51250250e-01 1.39444017e+00
2.56255255e-01 1.39343362e+00
2.61260260e-01 1.39235800e+00
2.66265265e-01 1.39120724e+00
2.71270270e-01 1.38997465e+00
2.76275275e-01 1.38865278e+00
2.81280280e-01 1.38723336e+00
2.86285285e-01 1.38570718e+00
2.91290290e-01 1.38406398e+00
2.96295295e-01 1.38229225e+00
3.01300300e-01 1.38037913e+00
3.06305305e-01 1.37831016e+00
3.11310310e-01 1.37606908e+00
3.16315315e-01 1.37363754e+00
3.21320320e-01 1.37099480e+00
3.26325325e-01 1.36811736e+00
3.31330330e-01 1.36497851e+00
3.36335335e-01 1.36154784e+00
3.41340340e-01 1.35779061e+00
3.46345345e-01 1.35366706e+00
3.51350350e-01 1.34913151e+00
3.56355355e-01 1.34413140e+00
3.61360360e-01 1.33860600e+00
3.66365365e-01 1.33248505e+00
3.71370370e-01 1.32568692e+00
3.76375375e-01 1.31811660e+00
3.81380380e-01 1.30966315e+00
3.86385385e-01 1.30019674e+00
3.91390390e-01 1.28956501e+00
3.96395395e-01 1.27758886e+00
4.01400400e-01 1.26405732e+00
4.06405405e-01 1.24872162e+00
4.11410410e-01 1.23128829e+00
4.16415415e-01 1.21141125e+00
4.21420420e-01 1.18868317e+00
4.26425425e-01 1.16262635e+00
4.31430430e-01 1.13268388e+00
4.36435435e-01 1.09821263e+00
4.41440440e-01 1.05848013e+00
4.46445445e-01 1.01266919e+00
4.51450450e-01 9.59895282e-01
4.56455455e-01 8.99243600e-01
4.61460460e-01 8.29833744e-01
4.66465465e-01 7.50918843e-01
4.71470470e-01 6.62021166e-01
4.76475475e-01 5.63095348e-01
4.81480480e-01 4.54693381e-01
4.86485485e-01 3.38086868e-01
4.91490490e-01 2.15292122e-01
4.96495495e-01 8.89557762e-02
5.01500501e-01 -3.79021415e-02
5.06505506e-01 -1.62237071e-01
5.11510511e-01 -2.81331061e-01
5.16515516e-01 -3.93056537e-01
5.21520521e-01 -4.96001710e-01
5.26525526e-01 -5.89459186e-01
5.31530531e-01 -6.73317669e-01
5.36535536e-01 -7.47908701e-01
5.41540541e-01 -8.13851426e-01
5.46545546e-01 -8.71920938e-01
5.51550551e-01 -9.22949752e-01
5.56555556e-01 -9.67761461e-01
5.61560561e-01 -1.00713074e+00
5.66565566e-01 -1.04176257e+00
5.71570571e-01 -1.07228446e+00
5.76575576e-01 -1.09924656e+00
5.81580581e-01 -1.12312634e+00
5.86585586e-01 -1.14433550e+00
5.91590591e-01 -1.16322754e+00
5.96595596e-01 -1.18010534e+00
6.01600601e-01 -1.19522821e+00
6.06605606e-01 -1.20881818e+00
6.11610611e-01 -1.22106556e+00
6.16615616e-01 -1.23213371e+00
6.21620621e-01 -1.24216313e+00
6.26625626e-01 -1.25127492e+00
6.31630631e-01 -1.25957373e+00
6.36635636e-01 -1.26715019e+00
6.41640641e-01 -1.27408304e+00
6.46645646e-01 -1.28044083e+00
6.51650651e-01 -1.28628343e+00
6.56655656e-01 -1.29166326e+00
6.61660661e-01 -1.29662634e+00
6.66665666e-01 -1.30121317e+00
6.71670671e-01 -1.30545949e+00
6.76675676e-01 -1.30939694e+00
6.81680681e-01 -1.31305354e+00
6.86685686e-01 -1.31645423e+00
6.91690691e-01 -1.31962122e+00
6.96695696e-01 -1.32257436e+00
7.01700701e-01 -1.32533139e+00
7.06705706e-01 -1.32790823e+00
7.11710711e-01 -1.33031921e+00
7.16715716e-01 -1.33257719e+00
7.21720721e-01 -1.33469382e+00
7.26725726e-01 -1.33667959e+00
7.31730731e-01 -1.33854401e+00
7.36735736e-01 -1.34029572e+00
7.41740741e-01 -1.34194256e+00
7.46745746e-01 -1.34349164e+00
7.51750751e-01 -1.34494947e+00
7.56755756e-01 -1.34632197e+00
7.61760761e-01 -1.34761457e+00
7.66765766e-01 -1.34883220e+00
7.71770771e-01 -1.34997942e+00
7.76775776e-01 -1.35106038e+00
7.81780781e-01 -1.35207890e+00
7.86785786e-01 -1.35303849e+00
7.91790791e-01 -1.35394238e+00
7.96795796e-01 -1.35479353e+00
8.01800801e-01 -1.35559468e+00
8.06805806e-01 -1.35634835e+00
8.11810811e-01 -1.35705688e+00
8.16815816e-01 -1.35772240e+00
8.21820821e-01 -1.35834689e+00
8.26825826e-01 -1.35893218e+00
8.31830831e-01 -1.35947996e+00
8.36835836e-01 -1.35999178e+00
8.41840841e-01 -1.36046909e+00
8.46845846e-01 -1.36091321e+00
8.51850851e-01 -1.36132537e+00
8.56855856e-01 -1.36170669e+00
8.61860861e-01 -1.36205821e+00
8.66865866e-01 -1.36238088e+00
8.71870871e-01 -1.36267559e+00
8.76875876e-01 -1.36294313e+00
8.81880881e-01 -1.36318424e+00
8.86885886e-01 -1.36339959e+00
8.91890891e-01 -1.36358978e+00
8.96895896e-01 -1.36375536e+00
9.01900901e-01 -1.36389683e+00
9.06905906e-01 -1.36401463e+00
9.11910911e-01 -1.36410914e+00
9.16915916e-01 -1.36418070e+00
9.21920921e-01 -1.36422962e+00
9.26925926e-01 -1.36425614e+00
9.31930931e-01 -1.36426047e+00
9.36935936e-01 -1.36424276e+00
9.41940941e-01 -1.36420315e+00
9.46945946e-01 -1.36414172e+00
9.51950951e-01 -1.36405851e+00
9.56955956e-01 -1.36395351e+00
9.61960961e-01 -1.36382670e+00
9.66965966e-01 -1.36367801e+00
9.71970971e-01 -1.36350731e+00
9.76975976e-01 -1.36331447e+00
9.81980981e-01 -1.36309929e+00
9.86985986e-01 -1.36286153e+00
9.91990991e-01 -1.36260095e+00
9.96995996e-01 -1.36231722e+00
1.00200100e+00 -1.36201000e+00
1.00700601e+00 -1.36167890e+00
1.01201101e+00 -1.36132349e+00
1.01701602e+00 -1.36094328e+00
1.02202102e+00 -1.36053777e+00
1.02702603e+00 -1.36010638e+00
1.03203103e+00 -1.35964849e+00
1.03703604e+00 -1.35916344e+00
1.04204104e+00 -1.35865050e+00
1.04704605e+00 -1.35810890e+00
1.05205105e+00 -1.35753782e+00
1.05705606e+00 -1.35693635e+00
1.06206106e+00 -1.35630354e+00
1.06706607e+00 -1.35563837e+00
1.07207107e+00 -1.35493976e+00
1.07707608e+00 -1.35420652e+00
1.08208108e+00 -1.35343743e+00
1.08708609e+00 -1.35263116e+00
1.09209109e+00 -1.35178628e+00
1.09709610e+00 -1.35090131e+00
1.10210110e+00 -1.34997463e+00
1.10710611e+00 -1.34900454e+00
1.11211111e+00 -1.34798921e+00
1.11711612e+00 -1.34692671e+00
1.12212112e+00 -1.34581498e+00
1.12712613e+00 -1.34465181e+00
1.13213113e+00 -1.34343486e+00
1.13713614e+00 -1.34216164e+00
1.14214114e+00 -1.34082947e+00
1.14714615e+00 -1.33943552e+00
1.15215115e+00 -1.33797676e+00
1.15715616e+00 -1.33644995e+00
1.16216116e+00 -1.33485163e+00
1.16716617e+00 -1.33317812e+00
1.17217117e+00 -1.33142548e+00
1.17717618e+00 -1.32958947e+00
1.18218118e+00 -1.32766560e+00
1.18718619e+00 -1.32564902e+00
1.19219119e+00 -1.32353457e+00
1.19719620e+00 -1.32131669e+00
1.20220120e+00 -1.31898945e+00
1.20720621e+00 -1.31654645e+00
1.21221121e+00 -1.31398085e+00
1.21721622e+00 -1.31128528e+00
1.22222122e+00 -1.30845183e+00
1.22722623e+00 -1.30547198e+00
1.23223123e+00 -1.30233656e+00
1.23723624e+00 -1.29903570e+00
1.24224124e+00 -1.29555875e+00
1.24724625e+00 -1.29189422e+00
1.25225125e+00 -1.28802971e+00
1.25725626e+00 -1.28395183e+00
1.26226126e+00 -1.27964610e+00
1.26726627e+00 -1.27509687e+00
1.27227127e+00 -1.27028718e+00
1.27727628e+00 -1.26519870e+00
1.28228128e+00 -1.25981152e+00
1.28728629e+00 -1.25410410e+00
1.29229129e+00 -1.24805306e+00
1.29729630e+00 -1.24163301e+00
1.30230130e+00 -1.23481643e+00
1.30730631e+00 -1.22757340e+00
1.31231131e+00 -1.21987144e+00
1.31731632e+00 -1.21167527e+00
1.32232132e+00 -1.20294655e+00
1.32732633e+00 -1.19364366e+00
1.33233133e+00 -1.18372139e+00
1.33733634e+00 -1.17313068e+00
1.34234134e+00 -1.16181832e+00
1.34734635e+00 -1.14972666e+00
1.35235135e+00 -1.13679328e+00
1.35735636e+00 -1.12295076e+00
1.36236136e+00 -1.10812638e+00
1.36736637e+00 -1.09224190e+00
1.37237137e+00 -1.07521340e+00
1.37737638e+00 -1.05695122e+00
1.38238138e+00 -1.03735993e+00
1.38738639e+00 -1.01633858e+00
1.39239139e+00 -9.93781060e-01
1.39739640e+00 -9.69576715e-01
1.40240140e+00 -9.43611326e-01
1.40740641e+00 -9.15768422e-01
1.41241141e+00 -8.85931068e-01
1.41741642e+00 -8.53984164e-01
1.42242142e+00 -8.19817339e-01
1.42742643e+00 -7.83328468e-01
1.43243143e+00 -7.44427834e-01
1.43743644e+00 -7.03042923e-01
1.44244144e+00 -6.59123734e-01
1.44744645e+00 -6.12648474e-01
1.45245145e+00 -5.63629353e-01
1.45745646e+00 -5.12118165e-01
1.46246146e+00 -4.58211183e-01
1.46746647e+00 -4.02052912e-01
1.47247147e+00 -3.43838143e-01
1.47747648e+00 -2.83811866e-01
1.48248148e+00 -2.22266650e-01
1.48748649e+00 -1.59537333e-01
1.49249149e+00 -9.59930914e-02
1.49749650e+00 -3.20272221e-02
1.50250150e+00 3.19547331e-02
1.50750651e+00 9.55477194e-02
1.51251151e+00 1.58359832e-01
1.51751652e+00 2.20023999e-01
1.52252152e+00 2.80207908e-01
1.52752653e+00 3.38621597e-01
1.53253153e+00 3.95022424e-01
1.53753654e+00 4.49217383e-01
1.54254154e+00 5.01062967e-01
1.54754655e+00 5.50462968e-01
1.55255155e+00 5.97364687e-01
1.55755656e+00 6.41754059e-01
1.56256156e+00 6.83650188e-01
1.56756657e+00 7.23099678e-01
1.57257157e+00 7.60171117e-01
1.57757658e+00 7.94949932e-01
1.58258158e+00 8.27533762e-01
1.58758659e+00 8.58028439e-01
1.59259159e+00 8.86544594e-01
1.59759660e+00 9.13194865e-01
1.60260160e+00 9.38091668e-01
1.60760661e+00 9.61345464e-01
1.61261161e+00 9.83063466e-01
1.61761662e+00 1.00334869e+00
1.62262162e+00 1.02229935e+00
1.62762663e+00 1.04000844e+00
1.63263163e+00 1.05656352e+00
1.63763664e+00 1.07204673e+00
1.64264164e+00 1.08653476e+00
1.64764665e+00 1.10009907e+00
1.65265165e+00 1.11280604e+00
1.65765666e+00 1.12471723e+00
1.66266166e+00 1.13588963e+00
1.66766667e+00 1.14637596e+00
1.67267167e+00 1.15622490e+00
1.67767668e+00 1.16548140e+00
1.68268168e+00 1.17418693e+00
1.68768669e+00 1.18237978e+00
1.69269169e+00 1.19009521e+00
1.69769670e+00 1.19736580e+00
1.70270170e+00 1.20422156e+00
1.70770671e+00 1.21069020e+00
1.71271171e+00 1.21679728e+00
1.71771672e+00 1.22256639e+00
1.72272172e+00 1.22801934e+00
1.72772673e+00 1.23317625e+00
1.73273173e+00 1.23805575e+00
1.73773674e+00 1.24267504e+00
1.74274174e+00 1.24705005e+00
1.74774675e+00 1.25119553e+00
1.75275175e+00 1.25512514e+00
1.75775676e+00 1.25885154e+00
1.76276176e+00 1.26238648e+00
1.76776677e+00 1.26574084e+00
1.77277177e+00 1.26892474e+00
1.77777678e+00 1.27194759e+00
1.78278178e+00 1.27481812e+00
1.78778679e+00 1.27754445e+00
1.79279179e+00 1.28013413e+00
1.79779680e+00 1.28259422e+00
1.80280180e+00 1.28493125e+00
1.80780681e+00 1.28715133e+00
1.81281181e+00 1.28926015e+00
1.81781682e+00 1.29126302e+00
1.82282182e+00 1.29316489e+00
1.82782683e+00 1.29497037e+00
1.83283183e+00 1.29668377e+00
1.83783684e+00 1.29830911e+00
1.84284184e+00 1.29985015e+00
1.84784685e+00 1.30131038e+00
1.85285185e+00 1.30269308e+00
1.85785686e+00 1.30400129e+00
1.86286186e+00 1.30523787e+00
1.86786687e+00 1.30640547e+00
1.87287187e+00 1.30750657e+00
1.87787688e+00 1.30854346e+00
1.88288188e+00 1.30951831e+00
1.88788689e+00 1.31043310e+00
1.89289189e+00 1.31128969e+00
1.89789690e+00 1.31208981e+00
1.90290190e+00 1.31283504e+00
1.90790691e+00 1.31352687e+00
1.91291191e+00 1.31416666e+00
1.91791692e+00 1.31475565e+00
1.92292192e+00 1.31529500e+00
1.92792693e+00 1.31578575e+00
1.93293193e+00 1.31622885e+00
1.93793694e+00 1.31662517e+00
1.94294194e+00 1.31697548e+00
1.94794695e+00 1.31728046e+00
1.95295195e+00 1.31754072e+00
1.95795696e+00 1.31775678e+00
1.96296196e+00 1.31792909e+00
1.96796697e+00 1.31805802e+00
1.97297197e+00 1.31814385e+00
1.97797698e+00 1.31818681e+00
1.98298198e+00 1.31818704e+00
1.98798699e+00 1.31814462e+00
1.99299199e+00 1.31805955e+00
1.99799700e+00 1.31793175e+00
2.00300200e+00 1.31776109e+00
2.00800701e+00 1.31754736e+00
2.01301201e+00 1.31729026e+00
2.01801702e+00 1.31698944e+00
2.02302202e+00 1.31664446e+00
2.02802703e+00 1.31625481e+00
2.03303203e+00 1.31581991e+00
2.03803704e+00 1.31533909e+00
2.04304204e+00 1.31481161e+00
2.04804705e+00 1.31423664e+00
2.05305205e+00 1.31361326e+00
2.05805706e+00 1.31294047e+00
2.06306206e+00 1.31221718e+00
2.06806707e+00 1.31144219e+00
2.07307207e+00 1.31061421e+00
2.07807708e+00 1.30973186e+00
2.08308208e+00 1.30879362e+00
2.08808709e+00 1.30779789e+00
2.09309209e+00 1.30674293e+00
2.09809710e+00 1.30562688e+00
2.10310210e+00 1.30444776e+00
2.10810711e+00 1.30320343e+00
2.11311211e+00 1.30189161e+00
2.11811712e+00 1.30050989e+00
2.12312212e+00 1.29905566e+00
2.12812713e+00 1.29752616e+00
2.13313213e+00 1.29591844e+00
2.13813714e+00 1.29422936e+00
2.14314214e+00 1.29245556e+00
2.14814715e+00 1.29059348e+00
2.15315215e+00 1.28863931e+00
2.15815716e+00 1.28658899e+00
2.16316216e+00 1.28443821e+00
2.16816717e+00 1.28218236e+00
2.17317217e+00 1.27981653e+00
2.17817718e+00 1.27733550e+00
2.18318218e+00 1.27473369e+00
2.18818719e+00 1.27200514e+00
2.19319219e+00 1.26914353e+00
2.19819720e+00 1.26614207e+00
2.20320220e+00 1.26299357e+00
2.20820721e+00 1.25969029e+00
2.21321221e+00 1.25622403e+00
2.21821722e+00 1.25258599e+00
2.22322222e+00 1.24876678e+00
2.22822723e+00 1.24475637e+00
2.23323223e+00 1.24054403e+00
2.23823724e+00 1.23611831e+00
2.24324224e+00 1.23146693e+00
2.24824725e+00 1.22657679e+00
2.25325225e+00 1.22143385e+00
2.25825726e+00 1.21602308e+00
2.26326226e+00 1.21032843e+00
2.26826727e+00 1.20433267e+00
2.27327227e+00 1.19801739e+00
2.27827728e+00 1.19136287e+00
2.28328228e+00 1.18434802e+00
2.28828729e+00 1.17695023e+00
2.29329229e+00 1.16914534e+00
2.29829730e+00 1.16090749e+00
2.30330230e+00 1.15220904e+00
2.30830731e+00 1.14302044e+00
2.31331231e+00 1.13331013e+00
2.31831732e+00 1.12304444e+00
2.32332232e+00 1.11218748e+00
2.32832733e+00 1.10070104e+00
2.33333233e+00 1.08854451e+00
2.33833734e+00 1.07567477e+00
2.34334234e+00 1.06204620e+00
2.34834735e+00 1.04761057e+00
2.35335235e+00 1.03231710e+00
2.35835736e+00 1.01611248e+00
2.36336236e+00 9.98941001e-01
2.36836737e+00 9.80744653e-01
2.37337237e+00 9.61463426e-01
2.37837738e+00 9.41035621e-01
2.38338238e+00 9.19398297e-01
2.38838739e+00 8.96487851e-01
2.39339239e+00 8.72240731e-01
2.39839740e+00 8.46594323e-01
2.40340240e+00 8.19488009e-01
2.40840741e+00 7.90864417e-01
2.41341241e+00 7.60670866e-01
2.41841742e+00 7.28861006e-01
2.42342242e+00 6.95396635e-01
2.42842743e+00 6.60249673e-01
2.43343243e+00 6.23404251e-01
2.43843744e+00 5.84858845e-01
2.44344244e+00 5.44628389e-01
2.44844745e+00 5.02746255e-01
2.45345245e+00 4.59265999e-01
2.45845746e+00 4.14262730e-01
2.46346246e+00 3.67833990e-01
2.46846747e+00 3.20100012e-01
2.47347247e+00 2.71203252e-01
2.47847748e+00 2.21307131e-01
2.48348248e+00 1.70593953e-01
2.48848749e+00 1.19262027e-01
2.49349249e+00 6.75220743e-02
2.49849750e+00 1.55930583e-02
2.50350250e+00 -3.63023766e-02
2.50850751e+00 -8.79426391e-02
2.51351251e+00 -1.39111866e-01
2.51851752e+00 -1.89604310e-01
2.52352252e+00 -2.39228237e-01
2.52852753e+00 -2.87809173e-01
2.53353253e+00 -3.35192395e-01
2.53853754e+00 -3.81244605e-01
2.54354254e+00 -4.25854807e-01
2.54854755e+00 -4.68934421e-01
2.55355255e+00 -5.10416732e-01
2.55855756e+00 -5.50255784e-01
2.56356256e+00 -5.88424851e-01
2.56856757e+00 -6.24914601e-01
2.57357257e+00 -6.59731083e-01
2.57857758e+00 -6.92893631e-01
2.58358258e+00 -7.24432785e-01
2.58858759e+00 -7.54388292e-01
2.59359259e+00 -7.82807228e-01
2.59859760e+00 -8.09742297e-01
2.60360260e+00 -8.35250305e-01
2.60860761e+00 -8.59390822e-01
2.61361261e+00 -8.82225041e-01
2.61861762e+00 -9.03814808e-01
2.62362262e+00 -9.24221821e-01
2.62862763e+00 -9.43506986e-01
2.63363263e+00 -9.61729897e-01
2.63863764e+00 -9.78948445e-01
2.64364264e+00 -9.95218516e-01
2.64864765e+00 -1.01059378e+00
2.65365265e+00 -1.02512557e+00
2.65865766e+00 -1.03886276e+00
2.66366266e+00 -1.05185178e+00
2.66866767e+00 -1.06413658e+00
2.67367267e+00 -1.07575869e+00
2.67867768e+00 -1.08675728e+00
2.68368268e+00 -1.09716919e+00
2.68868769e+00 -1.10702908e+00
2.69369269e+00 -1.11636948e+00
2.69869770e+00 -1.12522090e+00
2.70370270e+00 -1.13361194e+00
2.70870771e+00 -1.14156938e+00
2.71371271e+00 -1.14911831e+00
2.71871772e+00 -1.15628219e+00
2.72372272e+00 -1.16308296e+00
2.72872773e+00 -1.16954117e+00
2.73373273e+00 -1.17567600e+00
2.73873774e+00 -1.18150542e+00
2.74374274e+00 -1.18704621e+00
2.74874775e+00 -1.19231407e+00
2.75375275e+00 -1.19732368e+00
2.75875776e+00 -1.20208879e+00
2.76376276e+00 -1.20662223e+00
2.76876777e+00 -1.21093602e+00
2.77377277e+00 -1.21504141e+00
2.77877778e+00 -1.21894894e+00
2.78378278e+00 -1.22266844e+00
2.78878779e+00 -1.22620916e+00
2.79379279e+00 -1.22957973e+00
2.79879780e+00 -1.23278825e+00
2.80380280e+00 -1.23584229e+00
2.80880781e+00 -1.23874897e+00
2.81381281e+00 -1.24151495e+00
2.81881782e+00 -1.24414645e+00
2.82382282e+00 -1.24664935e+00
2.82882783e+00 -1.24902911e+00
2.83383283e+00 -1.25129088e+00
2.83883784e+00 -1.25343947e+00
2.84384284e+00 -1.25547941e+00
2.84884785e+00 -1.25741491e+00
2.85385285e+00 -1.25924996e+00
2.85885786e+00 -1.26098826e+00
2.86386286e+00 -1.26263329e+00
2.86886787e+00 -1.26418830e+00
2.87387287e+00 -1.26565635e+00
2.87887788e+00 -1.26704026e+00
2.88388288e+00 -1.26834270e+00
2.88888789e+00 -1.26956616e+00
2.89389289e+00 -1.27071293e+00
2.89889790e+00 -1.27178516e+00
2.90390290e+00 -1.27278486e+00
2.90890791e+00 -1.27371387e+00
2.91391291e+00 -1.27457391e+00
2.91891792e+00 -1.27536655e+00
2.92392292e+00 -1.27609325e+00
2.92892793e+00 -1.27675533e+00
2.93393293e+00 -1.27735400e+00
2.93893794e+00 -1.27789037e+00
2.94394294e+00 -1.27836542e+00
2.94894795e+00 -1.27878003e+00
2.95395295e+00 -1.27913499e+00
2.95895796e+00 -1.27943098e+00
2.96396296e+00 -1.27966857e+00
2.96896797e+00 -1.27984825e+00
2.97397297e+00 -1.27997042e+00
2.97897798e+00 -1.28003537e+00
2.98398298e+00 -1.28004332e+00
2.98898799e+00 -1.27999438e+00
2.99399299e+00 -1.27988857e+00
2.99899800e+00 -1.27972584e+00
3.00400300e+00 -1.27950604e+00
3.00900801e+00 -1.27922892e+00
3.01401301e+00 -1.27889416e+00
3.01901802e+00 -1.27850134e+00
3.02402302e+00 -1.27804994e+00
3.02902803e+00 -1.27753935e+00
3.03403303e+00 -1.27696888e+00
3.03903804e+00 -1.27633773e+00
3.04404304e+00 -1.27564499e+00
3.04904805e+00 -1.27488969e+00
3.05405305e+00 -1.27407070e+00
3.05905806e+00 -1.27318684e+00
3.06406306e+00 -1.27223676e+00
3.06906807e+00 -1.27121906e+00
3.07407307e+00 -1.27013216e+00
3.07907808e+00 -1.26897440e+00
3.08408308e+00 -1.26774398e+00
3.08908809e+00 -1.26643895e+00
3.09409309e+00 -1.26505725e+00
3.09909810e+00 -1.26359666e+00
3.10410310e+00 -1.26205479e+00
3.10910811e+00 -1.26042912e+00
3.11411311e+00 -1.25871696e+00
3.11911812e+00 -1.25691541e+00
3.12412312e+00 -1.25502143e+00
3.12912813e+00 -1.25303175e+00
3.13413313e+00 -1.25094292e+00
3.13913814e+00 -1.24875126e+00
3.14414314e+00 -1.24645286e+00
3.14914815e+00 -1.24404357e+00
3.15415315e+00 -1.24151900e+00
3.15915816e+00 -1.23887447e+00
3.16416316e+00 -1.23610503e+00
3.16916817e+00 -1.23320541e+00
3.17417317e+00 -1.23017004e+00
3.17917818e+00 -1.22699299e+00
3.18418318e+00 -1.22366799e+00
3.18918819e+00 -1.22018838e+00
3.19419319e+00 -1.21654709e+00
3.19919820e+00 -1.21273664e+00
3.20420320e+00 -1.20874907e+00
3.20920821e+00 -1.20457596e+00
3.21421321e+00 -1.20020837e+00
3.21921822e+00 -1.19563680e+00
3.22422322e+00 -1.19085121e+00
3.22922823e+00 -1.18584093e+00
3.23423323e+00 -1.18059463e+00
3.23923824e+00 -1.17510033e+00
3.24424324e+00 -1.16934530e+00
3.24924825e+00 -1.16331606e+00
3.25425325e+00 -1.15699830e+00
3.25925826e+00 -1.15037688e+00
3.26426326e+00 -1.14343575e+00
3.26926827e+00 -1.13615793e+00
3.27427327e+00 -1.12852541e+00
3.27927828e+00 -1.12051917e+00
3.28428328e+00 -1.11211909e+00
3.28928829e+00 -1.10330392e+00
3.29429329e+00 -1.09405122e+00
3.29929830e+00 -1.08433734e+00
3.30430330e+00 -1.07413735e+00
3.30930831e+00 -1.06342504e+00
3.31431331e+00 -1.05217289e+00
3.31931832e+00 -1.04035202e+00
3.32432332e+00 -1.02793224e+00
3.32932833e+00 -1.01488201e+00
3.33433333e+00 -1.00116851e+00
3.33933834e+00 -9.86757654e-01
3.34434334e+00 -9.71614179e-01
3.34934835e+00 -9.55701756e-01
3.35435335e+00 -9.38983118e-01
3.35935836e+00 -9.21420242e-01
3.36436336e+00 -9.02974568e-01
3.36936837e+00 -8.83607280e-01
3.37437337e+00 -8.63279628e-01
3.37937838e+00 -8.41953329e-01
3.38438338e+00 -8.19591019e-01
3.38938839e+00 -7.96156789e-01
3.39439339e+00 -7.71616785e-01
3.39939840e+00 -7.45939888e-01
3.40440340e+00 -7.19098461e-01
3.40940841e+00 -6.91069172e-01
3.41441341e+00 -6.61833863e-01
3.41941842e+00 -6.31380473e-01
3.42442342e+00 -5.99703984e-01
3.42942843e+00 -5.66807372e-01
3.43443343e+00 -5.32702528e-01
3.43943844e+00 -4.97411121e-01
3.44444344e+00 -4.60965364e-01
3.44944845e+00 -4.23408639e-01
3.45445345e+00 -3.84795940e-01
3.45945846e+00 -3.45194098e-01
3.46446346e+00 -3.04681741e-01
3.46946847e+00 -2.63348976e-01
3.47447347e+00 -2.21296751e-01
3.47947848e+00 -1.78635924e-01
3.48448348e+00 -1.35486005e-01
3.48948849e+00 -9.19736382e-02
3.49449349e+00 -4.82308351e-02
3.49949850e+00 -4.39302358e-03
3.50450350e+00 3.94030202e-02
3.50950851e+00 8.30212873e-02
3.51451351e+00 1.26328621e-01
3.51951852e+00 1.69196701e-01
3.52452352e+00 2.11503849e-01
3.52952853e+00 2.53136619e-01
3.53453353e+00 2.93991102e-01
3.53953854e+00 3.33973945e-01
3.54454354e+00 3.73003055e-01
3.54954855e+00 4.11007990e-01
3.55455355e+00 4.47930073e-01
3.55955856e+00 4.83722229e-01
3.56456356e+00 5.18348600e-01
3.56956857e+00 5.51783972e-01
3.57457357e+00 5.84013049e-01
3.57957858e+00 6.15029626e-01
3.58458358e+00 6.44835689e-01
3.58958859e+00 6.73440482e-01
3.59459359e+00 7.00859574e-01
3.59959860e+00 7.27113940e-01
3.60460360e+00 7.52229086e-01
3.60960861e+00 7.76234227e-01
3.61461361e+00 7.99161529e-01
3.61961862e+00 8.21045420e-01
3.62462362e+00 8.41921975e-01
3.62962863e+00 8.61828368e-01
3.63463363e+00 8.80802404e-01
3.63963864e+00 8.98882110e-01
3.64464364e+00 9.16105388e-01
3.64964865e+00 9.32509731e-01
3.65465365e+00 9.48131985e-01
3.65965866e+00 9.63008159e-01
3.66466366e+00 9.77173273e-01
3.66966867e+00 9.90661248e-01
3.67467367e+00 1.00350482e+00
3.67967868e+00 1.01573548e+00
3.68468368e+00 1.02738344e+00
3.68968869e+00 1.03847763e+00
3.69469369e+00 1.04904564e+00
3.69969870e+00 1.05911382e+00
3.70470370e+00 1.06870722e+00
3.70970871e+00 1.07784966e+00
3.71471371e+00 1.08656375e+00
3.71971872e+00 1.09487093e+00
3.72472372e+00 1.10279152e+00
3.72972873e+00 1.11034474e+00
3.73473373e+00 1.11754880e+00
3.73973874e+00 1.12442088e+00
3.74474374e+00 1.13097725e+00
3.74974875e+00 1.13723326e+00
3.75475375e+00 1.14320341e+00
3.75975876e+00 1.14890138e+00
3.76476376e+00 1.15434010e+00
3.76976877e+00 1.15953174e+00
3.77477377e+00 1.16448780e+00
3.77977878e+00 1.16921913e+00
3.78478378e+00 1.17373596e+00
3.78978879e+00 1.17804793e+00
3.79479379e+00 1.18216412e+00
3.79979880e+00 1.18609313e+00
3.80480380e+00 1.18984302e+00
3.80980881e+00 1.19342142e+00
3.81481381e+00 1.19683552e+00
3.81981882e+00 1.20009208e+00
3.82482382e+00 1.20319749e+00
3.82982883e+00 1.20615776e+00
3.83483383e+00 1.20897854e+00
3.83983884e+00 1.21166518e+00
3.84484384e+00 1.21422271e+00
3.84984885e+00 1.21665584e+00
3.85485385e+00 1.21896905e+00
3.85985886e+00 1.22116650e+00
3.86486386e+00 1.22325214e+00
3.86986887e+00 1.22522968e+00
3.87487387e+00 1.22710259e+00
3.87987888e+00 1.22887412e+00
3.88488388e+00 1.23054734e+00
3.88988889e+00 1.23212511e+00
3.89489389e+00 1.23361012e+00
3.89989890e+00 1.23500486e+00
3.90490390e+00 1.23631168e+00
3.90990891e+00 1.23753274e+00
3.91491391e+00 1.23867006e+00
3.91991892e+00 1.23972552e+00
3.92492392e+00 1.24070085e+00
3.92992893e+00 1.24159764e+00
3.93493393e+00 1.24241734e+00
3.93993894e+00 1.24316129e+00
3.94494394e+00 1.24383070e+00
3.94994895e+00 1.24442665e+00
3.95495395e+00 1.24495012e+00
3.95995896e+00 1.24540196e+00
3.96496396e+00 1.24578292e+00
3.96996897e+00 1.24609363e+00
3.97497397e+00 1.24633462e+00
3.97997898e+00 1.24650632e+00
3.98498398e+00 1.24660905e+00
3.98998899e+00 1.24664302e+00
3.99499399e+00 1.24660834e+00
3.99999900e+00 1.24650503e+00
4.00500400e+00 1.24633301e+00
4.01000901e+00 1.24609207e+00
4.01501401e+00 1.24578193e+00
4.02001902e+00 1.24540218e+00
4.02502402e+00 1.24495234e+00
4.03002903e+00 1.24443180e+00
4.03503403e+00 1.24383984e+00
4.04003904e+00 1.24317565e+00
4.04504404e+00 1.24243830e+00
4.05004905e+00 1.24162675e+00
4.05505405e+00 1.24073984e+00
4.06005906e+00 1.23977630e+00
4.06506406e+00 1.23873472e+00
4.07006907e+00 1.23761360e+00
4.07507407e+00 1.23641127e+00
4.08007908e+00 1.23512596e+00
4.08508408e+00 1.23375574e+00
4.09008909e+00 1.23229853e+00
4.09509409e+00 1.23075213e+00
4.10009910e+00 1.22911416e+00
4.10510410e+00 1.22738208e+00
4.11010911e+00 1.22555318e+00
4.11511411e+00 1.22362460e+00
4.12011912e+00 1.22159325e+00
4.12512412e+00 1.21945588e+00
4.13012913e+00 1.21720902e+00
4.13513413e+00 1.21484900e+00
4.14013914e+00 1.21237191e+00
4.14514414e+00 1.20977362e+00
4.15014915e+00 1.20704975e+00
4.15515415e+00 1.20419565e+00
4.16015916e+00 1.20120641e+00
4.16516416e+00 1.19807684e+00
4.17016917e+00 1.19480142e+00
4.17517417e+00 1.19137434e+00
4.18017918e+00 1.18778944e+00
4.18518418e+00 1.18404021e+00
4.19018919e+00 1.18011977e+00
4.19519419e+00 1.17602085e+00
4.20019920e+00 1.17173577e+00
4.20520420e+00 1.16725641e+00
4.21020921e+00 1.16257419e+00
4.21521421e+00 1.15768006e+00
4.22021922e+00 1.15256446e+00
4.22522422e+00 1.14721730e+00
4.23022923e+00 1.14162793e+00
4.23523423e+00 1.13578511e+00
4.24023924e+00 1.12967701e+00
4.24524424e+00 1.12329113e+00
4.25024925e+00 1.11661431e+00
4.25525425e+00 1.10963269e+00
4.26025926e+00 1.10233168e+00
4.26526426e+00 1.09469593e+00
4.27026927e+00 1.08670931e+00
4.27527427e+00 1.07835486e+00
4.28027928e+00 1.06961480e+00
4.28528428e+00 1.06047048e+00
4.29028929e+00 1.05090236e+00
4.29529429e+00 1.04089003e+00
4.30029930e+00 1.03041214e+00
4.30530430e+00 1.01944647e+00
4.31030931e+00 1.00796986e+00
4.31531431e+00 9.95958282e-01
4.32031932e+00 9.83386838e-01
4.32532432e+00 9.70229797e-01
4.33032933e+00 9.56460659e-01
4.33533433e+00 9.42052217e-01
4.34033934e+00 9.26976653e-01
4.34534434e+00 9.11205649e-01
4.35034935e+00 8.94710530e-01
4.35535435e+00 8.77462427e-01
4.36035936e+00 8.59432481e-01
4.36536436e+00 8.40592075e-01
4.37036937e+00 8.20913105e-01
4.37537437e+00 8.00368288e-01
4.38037938e+00 7.78931518e-01
4.38538438e+00 7.56578252e-01
4.39038939e+00 7.33285947e-01
4.39539439e+00 7.09034534e-01
4.40039940e+00 6.83806925e-01
4.40540440e+00 6.57589560e-01
4.41040941e+00 6.30372973e-01
4.41541441e+00 6.02152375e-01
4.42041942e+00 5.72928241e-01
4.42542442e+00 5.42706890e-01
4.43042943e+00 5.11501034e-01
4.43543443e+00 4.79330282e-01
4.44043944e+00 4.46221583e-01
4.44544444e+00 4.12209573e-01
4.45044945e+00 3.77336823e-01
4.45545445e+00 3.41653949e-01
4.46045946e+00 3.05219582e-01
4.46546446e+00 2.68100173e-01
4.47046947e+00 2.30369621e-01
4.47547447e+00 1.92108737e-01
4.48047948e+00 1.53404521e-01
4.48548448e+00 1.14349287e-01
4.49048949e+00 7.50396380e-02
4.49549449e+00 3.55753154e-02
4.50049950e+00 -3.94203275e-03
4.50550450e+00 -4.34101461e-02
4.51050951e+00 -8.27274608e-02
4.51551451e+00 -1.21794397e-01
4.52051952e+00 -1.60514586e-01
4.52552452e+00 -1.98796006e-01
4.53052953e+00 -2.36551989e-01
4.53553453e+00 -2.73702086e-01
4.54053954e+00 -3.10172761e-01
4.54554454e+00 -3.45897923e-01
4.55054955e+00 -3.80819268e-01
4.55555455e+00 -4.14886466e-01
4.56055956e+00 -4.48057177e-01
4.56556456e+00 -4.80296928e-01
4.57056957e+00 -5.11578864e-01
4.57557457e+00 -5.41883391e-01
4.58057958e+00 -5.71197736e-01
4.58558458e+00 -5.99515442e-01
4.59058959e+00 -6.26835823e-01
4.59559459e+00 -6.53163392e-01
4.60059960e+00 -6.78507277e-01
4.60560460e+00 -7.02880650e-01
4.61060961e+00 -7.26300161e-01
4.61561461e+00 -7.48785412e-01
4.62061962e+00 -7.70358448e-01
4.62562462e+00 -7.91043296e-01
4.63062963e+00 -8.10865534e-01
4.63563463e+00 -8.29851912e-01
4.64063964e+00 -8.48030001e-01
4.64564464e+00 -8.65427894e-01
4.65064965e+00 -8.82073934e-01
4.65565465e+00 -8.97996492e-01
4.66065966e+00 -9.13223760e-01
4.66566466e+00 -9.27783596e-01
4.67066967e+00 -9.41703377e-01
4.67567467e+00 -9.55009893e-01
4.68067968e+00 -9.67729255e-01
4.68568468e+00 -9.79886821e-01
4.69068969e+00 -9.91507148e-01
4.69569469e+00 -1.00261395e+00
4.70069970e+00 -1.01323008e+00
4.70570470e+00 -1.02337749e+00
4.71070971e+00 -1.03307727e+00
4.71571471e+00 -1.04234960e+00
4.72071972e+00 -1.05121382e+00
4.72572472e+00 -1.05968836e+00
4.73072973e+00 -1.06779085e+00
4.73573473e+00 -1.07553807e+00
4.74073974e+00 -1.08294601e+00
4.74574474e+00 -1.09002988e+00
4.75074975e+00 -1.09680416e+00
4.75575475e+00 -1.10328259e+00
4.76075976e+00 -1.10947823e+00
4.76576476e+00 -1.11540349e+00
4.77076977e+00 -1.12107013e+00
4.77577477e+00 -1.12648930e+00
4.78077978e+00 -1.13167159e+00
4.78578478e+00 -1.13662701e+00
4.79078979e+00 -1.14136509e+00
4.79579479e+00 -1.14589480e+00
4.80079980e+00 -1.15022469e+00
4.80580480e+00 -1.15436281e+00
4.81080981e+00 -1.15831681e+00
4.81581481e+00 -1.16209392e+00
4.82081982e+00 -1.16570096e+00
4.82582482e+00 -1.16914441e+00
4.83082983e+00 -1.17243039e+00
4.83583483e+00 -1.17556467e+00
4.84083984e+00 -1.17855271e+00
4.84584484e+00 -1.18139967e+00
4.85084985e+00 -1.18411042e+00
4.85585485e+00 -1.18668956e+00
4.86085986e+00 -1.18914142e+00
4.86586486e+00 -1.19147009e+00
4.87086987e+00 -1.19367942e+00
4.87587487e+00 -1.19577302e+00
4.88087988e+00 -1.19775431e+00
4.88588488e+00 -1.19962649e+00
4.89088989e+00 -1.20139255e+00
4.89589489e+00 -1.20305533e+00
4.90089990e+00 -1.20461744e+00
4.90590490e+00 -1.20608135e+00
4.91090991e+00 -1.20744936e+00
4.91591491e+00 -1.20872360e+00
4.92091992e+00 -1.20990604e+00
4.92592492e+00 -1.21099853e+00
4.93092993e+00 -1.21200276e+00
4.93593493e+00 -1.21292026e+00
4.94093994e+00 -1.21375245e+00
4.94594494e+00 -1.21450063e+00
4.95094995e+00 -1.21516594e+00
4.95595495e+00 -1.21574942e+00
4.96095996e+00 -1.21625198e+00
4.96596496e+00 -1.21667441e+00
4.97096997e+00 -1.21701739e+00
4.97597497e+00 -1.21728149e+00
4.98097998e+00 -1.21746715e+00
4.98598498e+00 -1.21757471e+00
4.99098999e+00 -1.21760440e+00
4.99599499e+00 -1.21755634e+00
5.00100000e+00 -1.21743054e+00
