0     9.8900000e-01
1     9.8000000e-01
2     9.7300000e-01
3     9.6300000e-01
4     9.5100000e-01
5     9.3900000e-01
6     9.3200000e-01
7     9.2600000e-01
8     9.2100000e-01
9     9.1500000e-01
10     9.0800000e-01
11     9.0000000e-01
12     8.9000000e-01
13     8.8100000e-01
14     8.6900000e-01
15     8.6400000e-01
16     8.5800000e-01
17     8.4600000e-01
18     8.3100000e-01
19     8.2400000e-01
20     8.1600000e-01
21     8.0100000e-01
22     7.9200000e-01
23     7.8200000e-01
24     7.7400000e-01
25     7.6800000e-01
26     7.6000000e-01
27     7.5200000e-01
28     7.4400000e-01
29     7.3500000e-01
30     7.2600000e-01
31     7.2400000e-01
32     7.1900000e-01
33     7.1300000e-01
34     7.0200000e-01
35     6.9900000e-01
36     6.8700000e-01
37     6.7900000e-01
38     6.7600000e-01
39     6.6500000e-01
40     6.5800000e-01
41     6.4900000e-01
42     6.4000000e-01
43     6.3500000e-01
44     6.2900000e-01
45     6.2600000e-01
46     6.1700000e-01
47     6.0700000e-01
48     6.0400000e-01
49     5.9700000e-01
50     5.9000000e-01
51     5.8400000e-01
52     5.8000000e-01
53     5.7700000e-01
54     5.7100000e-01
55     5.6400000e-01
56     5.6100000e-01
57     5.5500000e-01
58     5.5000000e-01
59     5.4500000e-01
60     5.4300000e-01
61     5.4000000e-01
62     5.3100000e-01
63     5.2800000e-01
64     5.2400000e-01
65     5.2000000e-01
66     5.1500000e-01
67     5.1100000e-01
68     5.0800000e-01
69     5.0300000e-01
70     5.0100000e-01
71     4.9200000e-01
72     4.8600000e-01
73     4.8100000e-01
74     4.7700000e-01
75     4.7500000e-01
76     4.7200000e-01
77     4.6900000e-01
78     4.6300000e-01
79     4.5800000e-01
80     4.5600000e-01
81     4.4500000e-01
82     4.4000000e-01
83     4.3400000e-01
84     4.3000000e-01
85     4.2200000e-01
86     4.1700000e-01
87     4.1300000e-01
88     4.1000000e-01
89     4.0600000e-01
90     4.0200000e-01
91     3.9900000e-01
92     3.9200000e-01
93     3.9200000e-01
94     3.9000000e-01
95     3.8700000e-01
96     3.8500000e-01
97     3.8100000e-01
98     3.7200000e-01
99     3.6900000e-01
100     3.6600000e-01
101     3.6400000e-01
102     3.5900000e-01
103     3.5100000e-01
104     3.4700000e-01
105     3.4200000e-01
106     3.3600000e-01
107     3.3400000e-01
108     3.3300000e-01
109     3.3200000e-01
110     3.2600000e-01
111     3.2400000e-01
112     3.2200000e-01
113     3.2100000e-01
114     3.1900000e-01
115     3.1600000e-01
116     3.1300000e-01
117     3.1200000e-01
118     3.0700000e-01
119     3.0700000e-01
120     3.0100000e-01
121     2.9700000e-01
122     2.9400000e-01
123     2.8600000e-01
124     2.8400000e-01
125     2.8300000e-01
126     2.7900000e-01
127     2.7800000e-01
128     2.7600000e-01
129     2.7200000e-01
130     2.7000000e-01
131     2.6700000e-01
132     2.6300000e-01
133     2.6200000e-01
134     2.6000000e-01
135     2.5800000e-01
136     2.5300000e-01
137     2.4900000e-01
138     2.4800000e-01
139     2.4600000e-01
140     2.4200000e-01
141     2.4000000e-01
142     2.3500000e-01
143     2.3200000e-01
144     2.3000000e-01
145     2.2900000e-01
146     2.2700000e-01
147     2.2600000e-01
148     2.2400000e-01
149     2.2200000e-01
150     2.1900000e-01
151     2.1600000e-01
152     2.1500000e-01
153     2.1200000e-01
154     2.0900000e-01
155     2.0700000e-01
156     2.0500000e-01
157     2.0300000e-01
158     1.9800000e-01
159     1.9600000e-01
160     1.9400000e-01
161     1.9000000e-01
162     1.8700000e-01
163     1.8500000e-01
164     1.8400000e-01
165     1.7900000e-01
166     1.7500000e-01
167     1.7100000e-01
168     1.6700000e-01
169     1.6500000e-01
170     1.6400000e-01
171     1.6200000e-01
172     1.6200000e-01
173     1.6100000e-01
174     1.6000000e-01
175     1.5700000e-01
176     1.5600000e-01
177     1.5400000e-01
178     1.5400000e-01
179     1.5200000e-01
180     1.5100000e-01
181     1.5000000e-01
182     1.4800000e-01
183     1.4700000e-01
184     1.4200000e-01
185     1.4000000e-01
186     1.4000000e-01
187     1.3800000e-01
188     1.3500000e-01
189     1.3300000e-01
190     1.3300000e-01
191     1.3300000e-01
192     1.3300000e-01
193     1.3200000e-01
194     1.3200000e-01
195     1.2800000e-01
196     1.2800000e-01
197     1.2700000e-01
198     1.2600000e-01
199     1.2400000e-01
200     1.2000000e-01
201     1.1900000e-01
202     1.1700000e-01
203     1.1700000e-01
204     1.1700000e-01
205     1.1500000e-01
206     1.1200000e-01
207     1.1200000e-01
208     1.1200000e-01
209     1.1100000e-01
210     1.1000000e-01
211     1.1000000e-01
212     1.0900000e-01
213     1.0700000e-01
214     1.0600000e-01
215     1.0500000e-01
216     1.0500000e-01
217     1.0400000e-01
218     1.0200000e-01
219     1.0200000e-01
220     9.9000000e-02
221     9.9000000e-02
222     9.8000000e-02
223     9.5000000e-02
224     9.5000000e-02
225     9.4000000e-02
226     9.4000000e-02
227     9.4000000e-02
228     9.3000000e-02
229     9.2000000e-02
230     8.9000000e-02
231     8.8000000e-02
232     8.5000000e-02
233     8.4000000e-02
234     8.3000000e-02
235     8.1000000e-02
236     8.0000000e-02
237     8.0000000e-02
238     8.0000000e-02
239     7.9000000e-02
240     7.8000000e-02
241     7.6000000e-02
242     7.6000000e-02
243     7.5000000e-02
244     7.4000000e-02
245     7.4000000e-02
246     7.4000000e-02
247     7.2000000e-02
248     7.0000000e-02
249     6.9000000e-02
250     6.9000000e-02
251     6.9000000e-02
252     6.9000000e-02
253     6.7000000e-02
254     6.7000000e-02
255     6.6000000e-02
256     6.6000000e-02
257     6.5000000e-02
258     6.3000000e-02
259     6.3000000e-02
260     6.3000000e-02
261     6.1000000e-02
262     6.1000000e-02
263     6.1000000e-02
264     6.0000000e-02
265     5.9000000e-02
266     5.9000000e-02
267     5.7000000e-02
268     5.6000000e-02
269     5.5000000e-02
270     5.4000000e-02
271     5.4000000e-02
272     5.4000000e-02
273     5.3000000e-02
274     5.2000000e-02
275     5.2000000e-02
276     5.1000000e-02
277     5.1000000e-02
278     5.1000000e-02
279     5.1000000e-02
280     5.1000000e-02
281     5.1000000e-02
282     5.1000000e-02
283     5.1000000e-02
284     4.8000000e-02
285     4.8000000e-02
286     4.8000000e-02
287     4.7000000e-02
288     4.7000000e-02
289     4.7000000e-02
290     4.7000000e-02
291     4.7000000e-02
292     4.7000000e-02
293     4.7000000e-02
294     4.7000000e-02
295     4.5000000e-02
296     4.5000000e-02
297     4.5000000e-02
298     4.4000000e-02
299     4.3000000e-02
300     4.3000000e-02
301     4.3000000e-02
302     4.3000000e-02
303     4.2000000e-02
304     4.1000000e-02
305     4.1000000e-02
306     4.1000000e-02
307     4.0000000e-02
308     4.0000000e-02
309     4.0000000e-02
310     4.0000000e-02
311     3.9000000e-02
312     3.9000000e-02
313     3.9000000e-02
314     3.9000000e-02
315     3.9000000e-02
316     3.9000000e-02
317     3.9000000e-02
318     3.8000000e-02
319     3.7000000e-02
320     3.6000000e-02
321     3.5000000e-02
322     3.4000000e-02
323     3.4000000e-02
324     3.3000000e-02
325     3.2000000e-02
326     3.2000000e-02
327     3.2000000e-02
328     3.1000000e-02
329     3.1000000e-02
330     3.1000000e-02
331     3.1000000e-02
332     3.0000000e-02
333     3.0000000e-02
334     3.0000000e-02
335     3.0000000e-02
336     2.9000000e-02
337     2.9000000e-02
338     2.9000000e-02
339     2.8000000e-02
340     2.7000000e-02
341     2.7000000e-02
342     2.7000000e-02
343     2.7000000e-02
344     2.7000000e-02
345     2.6000000e-02
346     2.5000000e-02
347     2.5000000e-02
348     2.4000000e-02
349     2.4000000e-02
350     2.4000000e-02
351     2.4000000e-02
352     2.4000000e-02
353     2.4000000e-02
354     2.4000000e-02
355     2.4000000e-02
356     2.4000000e-02
357     2.4000000e-02
358     2.3000000e-02
359     2.2000000e-02
360     2.2000000e-02
361     2.2000000e-02
362     2.2000000e-02
363     2.2000000e-02
364     2.2000000e-02
365     2.1000000e-02
366     2.1000000e-02
367     2.1000000e-02
368     2.1000000e-02
369     2.1000000e-02
370     2.1000000e-02
371     2.1000000e-02
372     2.1000000e-02
373     2.1000000e-02
374     2.1000000e-02
375     2.1000000e-02
376     2.1000000e-02
377     2.0000000e-02
378     2.0000000e-02
379     2.0000000e-02
380     2.0000000e-02
381     2.0000000e-02
382     2.0000000e-02
383     2.0000000e-02
384     2.0000000e-02
385     1.9000000e-02
386     1.9000000e-02
387     1.9000000e-02
388     1.9000000e-02
389     1.8000000e-02
390     1.8000000e-02
391     1.8000000e-02
392     1.8000000e-02
393     1.8000000e-02
394     1.7000000e-02
395     1.6000000e-02
396     1.6000000e-02
397     1.6000000e-02
398     1.6000000e-02
399     1.6000000e-02
400     1.6000000e-02
401     1.6000000e-02
402     1.6000000e-02
403     1.6000000e-02
404     1.5000000e-02
405     1.5000000e-02
406     1.5000000e-02
407     1.5000000e-02
408     1.5000000e-02
409     1.5000000e-02
410     1.5000000e-02
411     1.5000000e-02
412     1.5000000e-02
413     1.5000000e-02
414     1.5000000e-02
415     1.5000000e-02
416     1.4000000e-02
417     1.3000000e-02
418     1.3000000e-02
419     1.3000000e-02
420     1.3000000e-02
421     1.2000000e-02
422     1.2000000e-02
423     1.2000000e-02
424     1.1000000e-02
425     1.1000000e-02
426     1.1000000e-02
427     1.1000000e-02
428     1.1000000e-02
429     1.1000000e-02
430     1.1000000e-02
431     1.1000000e-02
432     1.1000000e-02
433     1.1000000e-02
434     1.1000000e-02
435     1.1000000e-02
436     1.1000000e-02
437     1.0000000e-02
438     1.0000000e-02
439     1.0000000e-02
440     1.0000000e-02
441     1.0000000e-02
442     1.0000000e-02
443     1.0000000e-02
444     1.0000000e-02
445     1.0000000e-02
446     1.0000000e-02
447     1.0000000e-02
448     1.0000000e-02
449     1.0000000e-02
450     1.0000000e-02
451     1.0000000e-02
452     1.0000000e-02
453     1.0000000e-02
454     1.0000000e-02
455     1.0000000e-02
456     1.0000000e-02
457     1.0000000e-02
458     1.0000000e-02
459     1.0000000e-02
460     1.0000000e-02
461     1.0000000e-02
462     1.0000000e-02
463     1.0000000e-02
464     1.0000000e-02
465     1.0000000e-02
466     1.0000000e-02
467     1.0000000e-02
468     1.0000000e-02
469     1.0000000e-02
470     1.0000000e-02
471     1.0000000e-02
472     1.0000000e-02
473     1.0000000e-02
474     1.0000000e-02
475     1.0000000e-02
476     1.0000000e-02
477     1.0000000e-02
478     9.0000000e-03
479     9.0000000e-03
480     8.0000000e-03
481     7.0000000e-03
482     7.0000000e-03
483     7.0000000e-03
484     7.0000000e-03
485     7.0000000e-03
486     7.0000000e-03
487     7.0000000e-03
488     6.0000000e-03
489     6.0000000e-03
490     6.0000000e-03
491     6.0000000e-03
492     6.0000000e-03
493     6.0000000e-03
494     5.0000000e-03
495     5.0000000e-03
496     5.0000000e-03
497     5.0000000e-03
498     5.0000000e-03
499     5.0000000e-03
