3.9331273e+00  3.9775802e-01  -9.1850429e-02  2.6922867e-01
3.7430958e+00  7.6348930e-01  -1.8244436e-01  2.5544372e-01
3.4701643e+00  1.0622866e+00  -2.6720890e-01  2.3387712e-01
3.1580642e+00  1.2880821e+00  -3.4476011e-01  2.0625452e-01
2.8357907e+00  1.4501335e+00  -4.1562458e-01  1.7375512e-01
2.5192918e+00  1.5606272e+00  -4.8073256e-01  1.3702261e-01
2.2167505e+00  1.6303492e+00  -5.4086070e-01  9.6380880e-02
1.9321077e+00  1.6679677e+00  -5.9653494e-01  5.1986318e-02
1.6669871e+00  1.6802823e+00  -6.4805786e-01  3.9136290e-03
1.4217255e+00  1.6726182e+00  -6.9555415e-01  -4.7795765e-02
1.1959382e+00  1.6491674e+00  -7.3900956e-01  -1.0310431e-01
9.8884100e-01  1.6132518e+00  -7.7830086e-01  -1.6195853e-01
7.9943857e-01  1.5675208e+00  -8.1321890e-01  -2.2427421e-01
6.2663795e-01  1.5140974e+00  -8.4348711e-01  -2.8992439e-01
4.6931786e-01  1.4546899e+00  -8.6877762e-01  -3.5872917e-01
3.2637108e-01  1.3906753e+00  -8.8872607e-01  -4.3044683e-01
1.9673031e-01  1.3231648e+00  -9.0294634e-01  -5.0476635e-01
7.9383368e-02  1.2530543e+00  -9.1104560e-01  -5.8130152e-01
-2.6618401e-02  1.1810645e+00  -9.1264010e-01  -6.5958683e-01
-1.2215610e-01  1.1077725e+00  -9.0737164e-01  -7.3907569e-01
-2.0804213e-01  1.0336378e+00  -8.9492473e-01  -8.1914136e-01
-2.8502092e-01  9.5902279e-01  -8.7504396e-01  -8.9908082e-01
-3.5377071e-01  8.8420972e-01  -8.4755116e-01  -9.7812213e-01
-4.1490616e-01  8.0941466e-01  -8.1236152e-01  -1.0554353e+00
-4.6898122e-01  7.3479892e-01  -7.6949817e-01  -1.1301465e+00
-5.1649222e-01  6.6047860e-01  -7.1910410e-01  -1.2013560e+00
-5.5788097e-01  5.8653254e-01  -6.6145075e-01  -1.2681586e+00
-5.9353777e-01  5.1300900e-01  -5.9694258e-01  -1.3296660e+00
-6.2380426e-01  4.3993126e-01  -5.2611693e-01  -1.3850316e+00
-6.4897612e-01  3.6730244e-01  -4.4963885e-01  -1.4334741e+00
-6.6930549e-01  2.9510954e-01  -3.6829092e-01  -1.4743010e+00
-6.8500321e-01  2.2332698e-01  -2.8295813e-01  -1.5069297e+00
-6.9624076e-01  1.5191968e-01  -1.9460851e-01  -1.5309058e+00
-7.0315202e-01  8.0845692e-02  -1.0427025e-01  -1.5459162e+00
-7.0583472e-01  1.0058695e-02  -1.3006388e-02  -1.5517982e+00
-7.0435172e-01  -6.0489863e-02  7.8111674e-02  -1.5485430e+00
-6.9873197e-01  -1.3084870e-01  1.6803066e-01  -1.5362933e+00
-6.8897131e-01  -2.0106476e-01  2.5574054e-01  -1.5153366e+00
-6.7503299e-01  -2.7118131e-01  3.4029734e-01  -1.4860927e+00
-6.5684809e-01  -3.4123602e-01  4.2084248e-01  -1.4490980e+00
-6.3431558e-01  -4.1125900e-01  4.9661829e-01  -1.4049869e+00
-6.0730232e-01  -4.8127073e-01  5.6697906e-01  -1.3544710e+00
-5.7564285e-01  -5.5127984e-01  6.3139756e-01  -1.2983173e+00
-5.3913901e-01  -6.2128060e-01  6.8946729e-01  -1.2373269e+00
-4.9755942e-01  -6.9125025e-01  7.4090073e-01  -1.1723142e+00
-4.5063895e-01  -7.6114584e-01  7.8552401e-01  -1.1040889e+00
-3.9807798e-01  -8.3090077e-01  8.2326881e-01  -1.0334385e+00
-3.3954172e-01  -9.0042070e-01  8.5416200e-01  -9.6111506e-01
-2.7465960e-01  -9.6957888e-01  8.7831382e-01  -8.8782359e-01
-2.0302469e-01  -1.0382107e+00  8.9590509e-01  -8.1421392e-01
-1.2419342e-01  -1.1061074e+00  9.0717412e-01  -7.4087482e-01
-3.7685565e-02  -1.1730085e+00  9.1240376e-01  -6.6833074e-01
5.7015147e-02  -1.2385931e+00  9.1190894e-01  -5.9704065e-01
1.6045970e-01  -1.3024696e+00  9.0602502e-01  -5.2739880e-01
2.7323131e-01  -1.3641631e+00  8.9509702e-01  -4.5973701e-01
3.9594145e-01  -1.4231010e+00  8.7946994e-01  -3.9432811e-01
5.2922356e-01  -1.4785955e+00  8.5948005e-01  -3.3139040e-01
6.7372380e-01  -1.5298220e+00  8.3544711e-01  -2.7109273e-01
8.3008744e-01  -1.5757938e+00  8.0766739e-01  -2.1356005e-01
9.9893913e-01  -1.6153308e+00  7.7640719e-01  -1.5887932e-01
1.1808545e+00  -1.6470216e+00  7.4189667e-01  -1.0710560e-01
1.3763192e+00  -1.6691756e+00  7.0432352e-01  -5.8268416e-02
1.5856694e+00  -1.6797655e+00  6.6382592e-01  -1.2378500e-02
1.8090049e+00  -1.6763541e+00  6.2048435e-01  3.0564949e-02
2.0460606e+00  -1.6560044e+00  5.7431102e-01  7.0565867e-02
2.2960127e+00  -1.6151680e+00  5.2523602e-01  1.0762101e-01
2.5571820e+00  -1.5495516e+00  4.7308854e-01  1.4170616e-01
2.8265710e+00  -1.4539686e+00  4.1757142e-01  1.7275624e-01
3.0991270e+00  -1.3222070e+00  3.5822833e-01  2.0063440e-01
3.3665638e+00  -1.1470205e+00  2.9440725e-01  2.2508181e-01
3.6155181e+00  -9.2054830e-01  2.2524187e-01  2.4563487e-01
3.8249794e+00  -6.3597893e-01  1.4972853e-01  2.6149657e-01
3.9641522e+00  -2.9225975e-01  6.7120506e-02  2.7138877e-01
3.9961526e+00  9.6208683e-02  -2.1971003e-02  2.7359540e-01
3.8974059e+00  4.9080214e-01  -1.1405741e-01  2.6670634e-01
3.6829673e+00  8.4240945e-01  -2.0354573e-01  2.5087745e-01
3.3970447e+00  1.1232636e+00  -2.8658906e-01  2.2770589e-01
3.0804205e+00  1.3325783e+00  -3.6244559e-01  1.9882185e-01
2.7584516e+00  1.4810881e+00  -4.3183688e-01  1.6525702e-01
2.4447768e+00  1.5808307e+00  -4.9568093e-01  1.2755942e-01
2.1463063e+00  1.6420851e+00  -5.5469484e-01  8.6001589e-02
1.8662889e+00  1.6730337e+00  -6.0934662e-01  4.0714179e-02
1.6059660e+00  1.6800849e+00  -6.5989187e-01  -8.2396413e-03
1.3654602e+00  1.6682621e+00  -7.0641852e-01  -6.0821606e-02
1.1442673e+00  1.6415259e+00  -7.4888357e-01  -1.1699190e-01
9.4153830e-01  1.6030199e+00  -7.8714116e-01  -1.7669083e-01
7.5624601e-01  1.5552545e+00  -8.2096426e-01  -2.3982491e-01
5.8728551e-01  1.5002437e+00  -8.5006254e-01  -3.0625528e-01
4.3353576e-01  1.4396089e+00  -8.7409796e-01  -3.7578787e-01
2.9389729e-01  1.3746575e+00  -8.9269956e-01  -4.4816486e-01
1.6731503e-01  1.3064446e+00  -9.0547819e-01  -5.2305759e-01
5.2791530e-02  1.2358204e+00  -9.1204174e-01  -6.0006096e-01
-5.0605779e-02  1.1634684e+00  -9.1201108e-01  -6.7868999e-01
-1.4374144e-01  1.0899350e+00  -9.0503674e-01  -7.5837854e-01
-2.2741134e-01  1.0156547e+00  -8.9081614e-01  -8.3848097e-01
-3.0234372e-01  9.4096893e-01  -8.6911096e-01  -9.1827683e-01
-3.6920122e-01  8.6614293e-01  -8.3976412e-01  -9.9697904e-01
-4.2858357e-01  7.9137851e-01  -8.0271565e-01  -1.0737456e+00
-4.8103053e-01  7.1682528e-01  -7.5801661e-01  -1.1476946e+00
-5.2702498e-01  6.4258966e-01  -7.0584034e-01  -1.2179231e+00
-5.6699603e-01  5.6874253e-01  -6.4649015e-01  -1.2835278e+00
-6.0132198e-01  4.9532565e-01  -5.8040278e-01  -1.3436283e+00
-6.3033315e-01  4.2235701e-01  -5.0814704e-01  -1.3973914e+00
-6.5431447e-01  3.4983550e-01  -4.3041750e-01  -1.4440553e+00
-6.7350792e-01  2.7774477e-01  -3.4802301e-01  -1.4829521e+00
-6.8811468e-01  2.0605668e-01  -2.6187053e-01  -1.5135288e+00
-6.9829699e-01  1.3473426e-01  -1.7294481e-01  -1.5353639e+00
-7.0417990e-01  6.3734295e-02  -8.2284841e-02  -1.5481800e+00
-7.0585260e-01  -6.9902749e-03  9.0418615e-03  -1.5518514e+00
-7.0336969e-01  -7.7488224e-02  9.9965885e-02  -1.5464064e+00
-6.9675205e-01  -1.4780802e-01  1.8944216e-01  -1.5320235e+00
-6.8598763e-01  -2.1799589e-01  2.7647462e-01  -1.5090232e+00
-6.7103189e-01  -2.8809392e-01  3.6013827e-01  -1.4778551e+00
-6.5180814e-01  -3.5813816e-01  4.3959763e-01  -1.4390812e+00
-6.2820762e-01  -4.2815657e-01  5.1412122e-01  -1.3933565e+00
-6.0008941e-01  -4.9816701e-01  5.8309148e-01  -1.3414078e+00
-5.6728020e-01  -5.6817485e-01  6.4601029e-01  -1.2840122e+00
-5.2957386e-01  -6.3817053e-01  7.0250018e-01  -1.2219761e+00
-4.8673094e-01  -7.0812671e-01  7.5230164e-01  -1.1561143e+00
-4.3847802e-01  -7.7799509e-01  7.9526714e-01  -1.0872326e+00
-3.8450707e-01  -8.4770275e-01  8.3135233e-01  -1.0161110e+00
-3.2447472e-01  -9.1714798e-01  8.6060537e-01  -9.4349114e-01
-2.5800167e-01  -9.8619545e-01  8.8315470e-01  -8.7006548e-01
-1.8467216e-01  -1.0546705e+00  8.9919622e-01  -7.9646951e-01
-1.0403376e-01  -1.1223526e+00  9.0898018e-01  -7.2327667e-01
-1.5597455e-02  -1.1889676e+00  9.1279828e-01  -6.5099564e-01
8.1161550e-02  -1.2541785e+00  9.1097142e-01  -5.8006963e-01
1.8680230e-01  -1.3175749e+00  9.0383824e-01  -5.1087757e-01
3.0191528e-01  -1.3786597e+00  8.9174461e-01  -4.4373668e-01
4.2711792e-01  -1.4368342e+00  8.7503418e-01  -3.7890619e-01
5.6304774e-01  -1.4913798e+00  8.5403991e-01  -3.1659197e-01
7.1035211e-01  -1.5414351e+00  8.2907651e-01  -2.5695177e-01
8.6967344e-01  -1.5859701e+00  8.0043360e-01  -2.0010081e-01
1.0416275e+00  -1.6237526e+00  7.6836933e-01  -1.4611777e-01
1.2267727e+00  -1.6533084e+00  7.3310419e-01  -9.5050959e-02
1.4255647e+00  -1.6728716e+00  6.9481461e-01  -4.6924742e-02
1.6382920e+00  -1.6803233e+00  6.5362566e-01  -1.7463583e-03
1.8649802e+00  -1.6731146e+00  6.0960242e-01  4.0486573e-02
2.1052502e+00  -1.6481719e+00  5.6273870e-01  7.9777302e-02
2.3581039e+00  -1.6017803e+00  5.1294220e-01  1.1611896e-01
2.6215946e+00  -1.5294447e+00  4.6001421e-01  1.4947962e-01
2.8923096e+00  -1.4257410e+00  4.0362244e-01  1.7978026e-01
3.1645454e+00  -1.2841995e+00  3.4326658e-01  2.0686017e-01
3.4289888e+00  -1.0973596e+00  2.7824294e-01  2.3042027e-01
3.6706870e+00  -8.5738462e-01  2.0763824e-01  2.4993010e-01
3.8663817e+00  -5.5825255e-01  1.3045492e-01  2.6448864e-01
3.9830368e+00  -2.0156822e-01  4.6139339e-02  2.7269153e-01
3.9844854e+00  1.9280208e-01  -4.4120052e-02  2.7279155e-01
3.8548082e+00  5.8117892e-01  -1.3609297e-01  2.6365663e-01
3.6187369e+00  9.1703847e-01  -2.2424645e-01  2.4588616e-01
3.3222461e+00  1.1800014e+00  -3.0553637e-01  2.2120771e-01
3.0025510e+00  1.3735117e+00  -3.7974657e-01  1.9112193e-01
2.6816575e+00  1.5091979e+00  -4.4772021e-01  1.5652305e-01
2.3711948e+00  1.5987932e+00  -5.1034272e-01  1.1787607e-01
2.0769755e+00  1.6520585e+00  -5.6826994e-01  7.5409829e-02
1.8016501e+00  1.6767116e+00  -6.2191440e-01  2.9233450e-02
1.5461279e+00  1.6787929e+00  -6.7148736e-01  -2.0599008e-02
1.3103453e+00  1.6630427e+00  -7.1704217e-01  -7.4050933e-02
1.0936947e+00  1.6332048e+00  -7.5850870e-01  -1.3107918e-01
8.9527181e-01  1.5922551e+00  -7.9571972e-01  -1.9161708e-01
7.1402330e-01  1.5425732e+00  -8.2843139e-01  -2.5556117e-01
5.4883582e-01  1.4860698e+00  -8.5634049e-01  -3.2276013e-01
3.9859075e-01  1.4242840e+00  -8.7909969e-01  -3.9300525e-01
2.6219767e-01  1.3584575e+00  -8.9633229e-01  -4.6602219e-01
1.3861447e-01  1.2895918e+00  -9.0764699e-01  -5.4146430e-01
2.6858880e-02  1.2184939e+00  -9.1265333e-01  -6.1890746e-01
-7.3985443e-02  1.1458115e+00  -9.1097778e-01  -6.9784709e-01
-1.6476646e-01  1.0720621e+00  -9.0228059e-01  -7.7769763e-01
-2.4626358e-01  9.9765604e-01  -8.8627310e-01  -8.5779483e-01
-3.1918901e-01  9.2291502e-01  -8.6273506e-01  -9.3740127e-01
-3.8418995e-01  8.4808780e-01  -8.3153143e-01  -1.0157154e+00
-4.4185139e-01  7.7336270e-01  -7.9262784e-01  -1.0918841e+00
-4.9269906e-01  6.9887813e-01  -7.4610393e-01  -1.1650186e+00
-5.3720261e-01  6.2473127e-01  -6.9216386e-01  -1.2342138e+00
-5.7577860e-01  5.5098545e-01  -6.3114299e-01  -1.2985698e+00
-6.0879351e-01  4.7767621e-01  -5.6351023e-01  -1.3572153e+00
-6.3656647e-01  4.0481655e-01  -4.8986552e-01  -1.4093322e+00
-6.5937185e-01  3.3240134e-01  -4.1093222e-01  -1.4541792e+00
-6.7744160e-01  2.6041109e-01  -3.2754451e-01  -1.4911146e+00
-6.9096731e-01  1.8881527e-01  -2.4063012e-01  -1.5196155e+00
-7.0010214e-01  1.1757517e-01  -1.5118916e-01  -1.5392942e+00
-7.0496233e-01  4.6646444e-02  -6.0269911e-02  -1.5499096e+00
-7.0562865e-01  -2.4018574e-02  3.1057221e-02  -1.5513731e+00
-7.0214747e-01  -9.4468765e-02  1.2172632e-01  -1.5437496e+00
-6.9453169e-01  -1.6475223e-01  2.1070197e-01  -1.5272530e+00
-6.8276136e-01  -2.3491438e-01  2.9700335e-01  -1.5022363e+00
-6.6678417e-01  -3.0499602e-01  3.7972552e-01  -1.4691777e+00
-6.4651570e-01  -3.7503142e-01  4.5805693e-01  -1.4286637e+00
-6.2183944e-01  -4.4504633e-01  5.3129284e-01  -1.3813683e+00
-5.9260668e-01  -5.1505579e-01  5.9884417e-01  -1.3280327e+00
-5.5863624e-01  -5.8506183e-01  6.6024196e-01  -1.2694430e+00
-5.1971400e-01  -6.5505086e-01  7.1513758e-01  -1.2064091e+00
-4.7559237e-01  -7.2499079e-01  7.6329921e-01  -1.1397456e+00
-4.2598966e-01  -7.9482774e-01  8.0460509e-01  -1.0702531e+00
-3.7058936e-01  -8.6448225e-01  8.3903425e-01  -9.9870374e-01
-3.0903949e-01  -9.3384499e-01  8.6665536e-01  -9.2582803e-01
-2.4095201e-01  -1.0027717e+00  8.8761435e-01  -8.5230528e-01
-1.6590230e-01  -1.0710772e+00  9.0212142e-01  -7.7875640e-01
-8.3429076e-02  -1.1385289e+00  9.1043797e-01  -7.0573939e-01
6.9653898e-03  -1.2048384e+00  9.1286388e-01  -6.3374710e-01
1.0581435e-01  -1.2696520e+00  9.0972531e-01  -5.6320708e-01
2.1368475e-01  -1.3325396e+00  9.0136359e-01  -4.9448307e-01
3.3117405e-01  -1.3929812e+00  8.8812487e-01  -4.2787793e-01
4.5890528e-01  -1.4503509e+00  8.7035097e-01  -3.6363757e-01
5.9751941e-01  -1.5038979e+00  8.4837111e-01  -3.0195575e-01
7.4766421e-01  -1.5527229e+00  8.2249456e-01  -2.4297942e-01
9.0997794e-01  -1.5957502e+00  7.9300390e-01  -1.8681443e-01
1.0850658e+00  -1.6316933e+00  7.6014876e-01  -1.3353157e-01
1.2734661e+00  -1.6590126e+00  7.2413964e-01  -8.3172763e-02
1.4756013e+00  -1.6758632e+00  6.8514126e-01  -3.5757594e-02
1.6917065e+00  -1.6800301e+00  6.4326511e-01  8.7097406e-03
1.9217249e+00  -1.6688473e+00  5.9856021e-01  5.0232699e-02
2.1651511e+00  -1.6390982e+00  5.5100113e-01  8.8813210e-02
2.4207942e+00  -1.5868930e+00  5.0047200e-01  1.2443994e-01
2.6864104e+00  -1.5075259e+00  4.4674467e-01  1.5707197e-01
2.9581250e+00  -1.3953284e+00  3.8944970e-01  1.8661439e-01
3.2295080e+00  -1.2435749e+00  3.2804062e-01  2.1287941e-01
3.4901022e+00  -1.0446216e+00  2.6176137e-01  2.3552238e-01
3.7232045e+00  -7.9077424e-01  1.8965781e-01  2.5393774e-01
3.9031941e+00  -4.7712624e-01  1.1076691e-01  2.6711167e-01
3.9951208e+00  -1.0859244e-01  2.4805141e-02  2.7351979e-01
3.9649695e+00  2.8902998e-01  -6.6367809e-02  2.7144111e-01
3.8059343e+00  6.6831096e-01  -1.5788192e-01  2.6010001e-01
3.5510774e+00  9.8727926e-01  -2.4452494e-01  2.4049692e-01
3.2462027e+00  1.2326423e+00  -3.2405952e-01  2.1440066e-01
2.9246906e+00  1.4110650e+00  -3.9667742e-01  1.8316460e-01
2.6055282e+00  1.5346229e+00  -4.6328648e-01  1.4755829e-01
2.2986030e+00  1.6146429e+00  -5.2472612e-01  1.0797514e-01
2.0087813e+00  1.6603698e+00  -5.8159091e-01  6.4606958e-02
1.7381955e+00  1.6790799e+00  -6.3424058e-01  1.7544977e-02
1.4874664e+00  1.6764679e+00  -6.8284463e-01  -3.3163717e-02
1.2563687e+00  1.6570090e+00  -7.2742381e-01  -8.7482793e-02
1.0442052e+00  1.6242432e+00  -7.6788245e-01  -1.4536481e-01
8.5002488e-01  1.5809888e+00  -8.0403308e-01  -2.0673535e-01
6.7275341e-01  1.5295019e+00  -8.3561610e-01  -2.7148035e-01
5.1127209e-01  1.4715958e+00  -8.6231626e-01  -3.3943547e-01
3.6446667e-01  1.4087317e+00  -8.8377781e-01  -4.1037688e-01
2.3125690e-01  1.3420885e+00  -8.9961915e-01  -4.8401336e-01
1.1061429e-01  1.2726172e+00  -9.0944777e-01  -5.5997997e-01
1.5720784e-03  1.2010832e+00  -9.1287576e-01  -6.3783336e-01
-9.6769701e-02  1.1281007e+00  -9.0953618e-01  -7.1704940e-01
-1.8524243e-01  1.0541592e+00  -8.9910000e-01  -7.9702319e-01
-2.6460914e-01  9.7964607e-01  -8.8129349e-01  -8.7707222e-01
-3.3556614e-01  9.0486421e-01  -8.5591544e-01  -9.5644264e-01
-3.9874536e-01  8.3004670e-01  -8.2285375e-01  -1.0343192e+00
-4.5471721e-01  7.5536892e-01  -7.8210040e-01  -1.1098385e+00
-5.0399361e-01  6.8095860e-01  -7.3376425e-01  -1.1821061e+00
-5.4703112e-01  6.0690414e-01  -6.7808063e-01  -1.2502160e+00
-5.8423397e-01  5.3326163e-01  -6.1541708e-01  -1.3132730e+00
-6.1595697e-01  4.6006073e-01  -5.4627452e-01  -1.3704164e+00
-6.4250823e-01  3.8730970e-01  -4.7128355e-01  -1.4208445e+00
-6.6415168e-01  3.1499959e-01  -3.9119561e-01  -1.4638381e+00
-6.8110935e-01  2.4310799e-01  -3.0686918e-01  -1.4987823e+00
-6.9356340e-01  1.7160213e-01  -2.1925151e-01  -1.5251856e+00
-7.0165795e-01  1.0044173e-01  -1.2935663e-01  -1.5426949e+00
-7.0550057e-01  2.9581437e-02  -3.8240594e-02  -1.5511054e+00
-7.0516365e-01  -4.1026905e-02  5.3024835e-02  -1.5503657e+00
-7.0068540e-01  -1.1143217e-01  1.4337877e-01  -1.5405772e+00
-6.9207074e-01  -1.8168197e-01  2.3179685e-01  -1.5219884e+00
-6.7929191e-01  -2.5182079e-01  3.1731473e-01  -1.4949839e+00
-6.6228881e-01  -3.2188805e-01  3.9904854e-01  -1.4600699e+00
-6.4096930e-01  -3.9191613e-01  4.7621143e-01  -1.4178557e+00
-6.1520912e-01  -4.6192842e-01  5.4812591e-01  -1.3690336e+00
-5.8485177e-01  -5.3193704e-01  6.1423164e-01  -1.3143576e+00
-5.4970815e-01  -6.0194050e-01  6.7408879e-01  -1.2546213e+00
-5.0955615e-01  -6.7192103e-01  7.2737736e-01  -1.1906377e+00
-4.6414000e-01  -7.4184161e-01  7.7389280e-01  -1.1232193e+00
-4.1316967e-01  -8.1164255e-01  8.1353860e-01  -1.0531614e+00
-3.5632018e-01  -8.8123761e-01  8.4631649e-01  -9.8122697e-01
-2.9323090e-01  -9.5050952e-01  8.7231491e-01  -9.0813505e-01
-2.2350498e-01  -1.0193047e+00  8.9169652e-01  -8.3455139e-01
-1.4670899e-01  -1.0874274e+00  9.0468505e-01  -7.6108207e-01
-6.2372792e-02  -1.1546321e+00  9.1155234e-01  -6.8826948e-01
3.0010013e-02  -1.2206156e+00  9.1260566e-01  -6.1659068e-01
1.3098101e-01  -1.2850071e+00  9.0817586e-01  -5.4645763e-01
2.4111486e-01  -1.3473560e+00  8.9860630e-01  -4.7821908e-01
3.6101573e-01  -1.4071184e+00  8.8424291e-01  -4.1216375e-01
4.9131179e-01  -1.4636401e+00  8.6542518e-01  -3.4852452e-01
6.3264683e-01  -1.5161369e+00  8.4247818e-01  -2.8748335e-01
7.8566806e-01  -1.5636696e+00  8.1570533e-01  -2.2917674e-01
9.5100826e-01  -1.6051153e+00  7.8538183e-01  -1.7370153e-01
1.1292601e+00  -1.6391305e+00  7.5174847e-01  -1.2112096e-01
1.3209391e+00  -1.6641073e+00  7.1500530e-01  -7.1470959e-02
1.5264302e+00  -1.6781181e+00  6.7530497e-01  -2.4766744e-02
1.7459092e+00  -1.6788470e+00  6.3274482e-01  1.8990089e-02
1.9792281e+00  -1.6635055e+00  5.8735715e-01  5.9803544e-02
2.2257417e+00  -1.6287265e+00  5.3909639e-01  9.7673558e-02
2.4840451e+00  -1.5704372e+00  4.8782182e-01  1.3258339e-01
2.7515648e+00  -1.4837127e+00  4.3327418e-01  1.6448176e-01
3.0239113e+00  -1.3626336e+00  3.7504479e-01  1.9325566e-01
3.2938440e+00  -1.2002247e+00  3.1253901e-01  2.1868658e-01
3.5496329e+00  -9.8870434e-01  2.4494853e-01  2.4037831e-01
3.7726603e+00  -7.2067418e-01  1.7128791e-01  2.5764142e-01
3.9348804e+00  -3.9274390e-01  9.0666436e-02  2.6934172e-01
3.9999721e+00  -1.3841171e-02  3.1603224e-03  2.7384995e-01
3.9377473e+00  3.8412400e-01  -8.8628460e-02  2.6954277e-01
3.7514586e+00  7.5173933e-01  -1.7936106e-01  2.5606111e-01
3.4806116e+00  1.0531198e+00  -2.6437014e-01  2.3473513e-01
3.1692916e+00  1.2813497e+00  -3.4217006e-01  2.0730047e-01
2.8470397e+00  1.4454175e+00  -4.1325226e-01  1.7495823e-01
2.5301643e+00  1.5575151e+00  -4.7854669e-01  1.3836702e-01
2.2270484e+00  1.6285004e+00  -5.3883841e-01  9.7858837e-02
1.9417412e+00  1.6671135e+00  -5.9466194e-01  5.3594157e-02
1.6759263e+00  1.6802127e+00  -6.4632692e-01  5.6495492e-03
1.4299736e+00  1.6731683e+00  -6.9396354e-01  -4.5932987e-02
1.2035173e+00  1.6502072e+00  -7.3756186e-01  -1.0111616e-01
9.9578305e-01  1.6146780e+00  -7.7700205e-01  -1.5984732e-01
8.0578073e-01  1.5692506e+00  -8.1207761e-01  -2.2204356e-01
6.3241934e-01  1.5160646e+00  -8.4251406e-01  -2.8757961e-01
4.7457770e-01  1.4568410e+00  -8.6798505e-01  -3.5627760e-01
3.3114756e-01  1.3929672e+00  -8.8812726e-01  -4.2789811e-01
2.0105989e-01  1.3255629e+00  -9.0255507e-01  -5.0213267e-01
8.3300379e-02  1.2555306e+00  -9.1087561e-01  -5.7859779e-01
-2.3081948e-02  1.1835964e+00  -9.1270452e-01  -6.5683079e-01
-1.1897060e-01  1.1103422e+00  -9.0768242e-01  -7.3628794e-01
-2.0518039e-01  1.0362311e+00  -8.9549200e-01  -8.1634524e-01
-2.8245809e-01  9.6162860e-01  -8.7587546e-01  -8.9630225e-01
-3.5148425e-01  8.8681943e-01  -8.4865161e-01  -9.7538930e-01
-4.1287568e-01  8.1202179e-01  -8.1373211e-01  -1.0527782e+00
-4.6718842e-01  7.3739871e-01  -7.7113608e-01  -1.1275963e+00
-5.1492076e-01  6.6306773e-01  -7.2100210e-01  -1.1989446e+00
-5.5651637e-01  5.8910886e-01  -6.6359703e-01  -1.2659175e+00
-5.9236730e-01  5.1557133e-01  -5.9932063e-01  -1.3276259e+00
-6.2281685e-01  4.4247919e-01  -5.2870561e-01  -1.3832212e+00
-6.4816228e-01  3.6983620e-01  -4.5241270e-01  -1.4319193e+00
-6.6865720e-01  2.9762984e-01  -3.7122059e-01  -1.4730244e+00
-6.8451386e-01  2.2583493e-01  -2.8601099e-01  -1.5059496e+00
-6.9590509e-01  1.5441665e-01  -1.9774939e-01  -1.5302358e+00
-7.0296607e-01  8.3333275e-02  -1.0746229e-01  -1.5455646e+00
-7.0579578e-01  1.2538570e-02  -1.6211978e-02  -1.5517681e+00
-7.0445827e-01  -5.8015969e-02  7.4929992e-02  -1.5488320e+00
-6.9898367e-01  -1.2837909e-01  1.6490925e-01  -1.5368939e+00
-6.8936897e-01  -1.9859785e-01  2.5271385e-01  -1.5162362e+00
-6.7557858e-01  -2.6871565e-01  3.3739710e-01  -1.4872744e+00
-6.5754468e-01  -3.3877042e-01  4.1809717e-01  -1.4505412e+00
-6.3516737e-01  -4.0879257e-01  4.9405262e-01  -1.4066679e+00
-6.0831466e-01  -4.7880295e-01  5.6461365e-01  -1.3563637e+00
-5.7682221e-01  -5.4881066e-01  6.2924881e-01  -1.3003940e+00
-5.4049303e-01  -6.1881053e-01  6.8754739e-01  -1.2395591e+00
-4.9909694e-01  -6.8878043e-01  7.3921775e-01  -1.1746734e+00
-4.5236998e-01  -7.5867822e-01  7.8408214e-01  -1.1065468e+00
-4.0001376e-01  -8.2843817e-01  8.2206872e-01  -1.0359681e+00
-3.4169476e-01  -8.9796702e-01  8.5320122e-01  -9.6369058e-01
-2.7704366e-01  -9.6713926e-01  8.7758717e-01  -8.9042127e-01
-2.0565484e-01  -1.0357917e+00  8.9540513e-01  -8.1681199e-01
-1.2708600e-01  -1.1037173e+00  9.0689163e-01  -7.4345373e-01
-4.0858211e-02  -1.1706576e+00  9.1232818e-01  -6.7087321e-01
5.3543552e-02  -1.2362939e+00  9.1202879e-01  -5.9953170e-01
1.5666908e-01  -1.3002373e+00  9.0632830e-01  -5.2982571e-01
2.6910054e-01  -1.3620162e+00  8.9557157e-01  -4.6208918e-01
3.9144848e-01  -1.4210617e+00  8.8010376e-01  -3.9659695e-01
5.2434572e-01  -1.4766904e+00  8.6026159e-01  -3.3356915e-01
6.6843819e-01  -1.5280830e+00  8.3636554e-01  -2.7317626e-01
8.2437150e-01  -1.5742590e+00  8.0871280e-01  -2.1554469e-01
9.9277149e-01  -1.6140459e+00  7.7757086e-01  -1.6076261e-01
1.1742161e+00  -1.6460409e+00  7.4317125e-01  -1.0888609e-01
1.3691952e+00  -1.6685646e+00  7.0570327e-01  -5.9945444e-02
1.5780515e+00  -1.6796025e+00  6.6530700e-01  -1.3951935e-02
1.8008951e+00  -1.6767336e+00  6.2206509e-01  2.9094977e-02
2.0374767e+00  -1.6570401e+00  5.7599239e-01  6.9199286e-02
2.2869965e+00  -1.6169974e+00  5.2702218e-01  1.0635822e-01
2.5478126e+00  -1.5523413e+00  4.7498758e-01  1.4054861e-01
2.8169846e+00  -1.4579190e+00  4.1959643e-01  1.7170726e-01
3.0895495e+00  -1.3275561e+00  3.6039863e-01  1.9970060e-01
3.3573624e+00  -1.1540396e+00  2.9674958e-01  2.2427529e-01
3.6072799e+00  -9.2951283e-01  2.2779017e-01  2.4497689e-01
3.8186086e+00  -6.4707131e-01  1.5251768e-01  2.6102287e-01
3.9608966e+00  -3.0532274e-01  7.0162585e-02  2.7115364e-01
3.9972558e+00  8.2082743e-02  -1.8740010e-02  2.7366157e-01
3.9031307e+00  4.7733776e-01  -1.1081438e-01  2.6710286e-01
3.6920888e+00  8.3112952e-01  -2.0048086e-01  2.5156694e-01
3.4079033e+00  1.1146143e+00  -2.8377937e-01  2.2862396e-01
3.0918386e+00  1.3262992e+00  -3.5988124e-01  1.9992073e-01
2.7697685e+00  1.4767436e+00  -4.2948463e-01  1.6650997e-01
2.4556505e+00  1.5780188e+00  -4.9351091e-01  1.2895289e-01
2.1565690e+00  1.6404796e+00  -5.5268610e-01  8.7529017e-02
1.8758678e+00  1.6723784e+00  -6.0748659e-01  4.2372466e-02
1.6148408e+00  1.6801796e+00  -6.5817469e-01  -6.4520779e-03
1.3736398e+00  1.6689492e+00  -7.0484360e-01  -5.8906003e-02
1.1517771e+00  1.6426810e+00  -7.4745442e-01  -1.1494990e-01
9.4841229e-01  1.6045440e+00  -7.8586453e-01  -1.7452508e-01
7.6252247e-01  1.5570684e+00  -8.1984946e-01  -2.3753944e-01
5.9300418e-01  1.5022836e+00  -8.4912082e-01  -3.0385593e-01
4.3873616e-01  1.4418235e+00  -8.7334202e-01  -3.7328259e-01
2.9861769e-01  1.3770055e+00  -8.9214299e-01  -4.4556403e-01
1.7159182e-01  1.3088925e+00  -9.0513498e-01  -5.2037417e-01
5.6658908e-02  1.2383415e+00  -9.1192569e-01  -5.9731073e-01
-4.7116013e-02  1.1660410e+00  -9.1213526e-01  -6.7589160e-01
-1.4059992e-01  1.0925421e+00  -9.0541284e-01  -7.5555350e-01
-2.2459113e-01  1.0182827e+00  -8.9145388e-01  -8.3565355e-01
-2.9982025e-01  9.4360725e-01  -8.7001749e-01  -9.1547385e-01
-3.6695221e-01  8.6878342e-01  -8.4094341e-01  -9.9422949e-01
-4.2658892e-01  7.9401507e-01  -8.0416796e-01  -1.0710801e+00
-4.7927220e-01  7.1945347e-01  -7.5973803e-01  -1.1451451e+00
-5.2548691e-01  6.4520642e-01  -7.0782248e-01  -1.2155218e+00
-5.6566401e-01  5.7134595e-01  -6.4871990e-01  -1.2813064e+00
-6.0018353e-01  4.9791472e-01  -5.8286228e-01  -1.3416174e+00
-6.2937746e-01  4.2493151e-01  -5.1081385e-01  -1.3956195e+00
-6.5353230e-01  3.5239577e-01  -4.3326485e-01  -1.4425479e+00
-6.7289152e-01  2.8029165e-01  -3.5102033e-01  -1.4817311e+00
-6.8765768e-01  2.0859136e-01  -2.6498411e-01  -1.5126115e+00
-6.9799441e-01  1.3725819e-01  -1.7613859e-01  -1.5347628e+00
-7.0402802e-01  6.6249104e-02  -8.5521251e-02  -1.5479024e+00
-7.0584898e-01  -4.4828619e-03  5.8009300e-03  -1.5518990e+00
-7.0351308e-01  -7.4986462e-02  9.6758141e-02  -1.5467755e+00
-6.9704239e-01  -1.4531021e-01  1.8630400e-01  -1.5327051e+00
-6.8642602e-01  -2.1550045e-01  2.7344030e-01  -1.5100037e+00
-6.7162058e-01  -2.8559946e-01  3.5723916e-01  -1.4791164e+00
-6.5255052e-01  -3.5564353e-01  4.3686166e-01  -1.4406016e+00
-6.2910822e-01  -4.2566095e-01  5.1157241e-01  -1.3951112e+00
-6.0115391e-01  -4.9566998e-01  5.8074968e-01  -1.3433700e+00
-5.6851544e-01  -5.6567649e-01  6.4389106e-01  -1.2861537e+00
-5.3098786e-01  -6.3567150e-01  7.0061482e-01  -1.2242680e+00
-4.8833290e-01  -7.0562836e-01  7.5065735e-01  -1.1585277e+00
-4.4027838e-01  -7.7549957e-01  7.9386727e-01  -1.0897391e+00
-3.8651751e-01  -8.4521317e-01  8.3019676e-01  -1.0186836e+00
-3.2670820e-01  -9.1466858e-01  8.5969089e-01  -9.4610430e-01
-2.6047242e-01  -9.8373175e-01  8.8247547e-01  -8.7269557e-01
-1.8739574e-01  -1.0522295e+00  8.9874425e-01  -7.9909501e-01
-1.0702701e-01  -1.1199432e+00  9.0874577e-01  -7.2587836e-01
-1.8878540e-02  -1.1866007e+00  9.1277048e-01  -6.5355659e-01
7.7573238e-02  -1.2518674e+00  9.1113846e-01  -5.8257526e-01
1.8288618e-01  -1.3153356e+00  9.0418790e-01  -5.1331553e-01
2.9764973e-01  -1.3765119e+00  8.9226459e-01  -4.4609675e-01
4.2248046e-01  -1.4348013e+00  8.7571243e-01  -3.8118013e-01
5.5801533e-01  -1.4894899e+00  8.5486490e-01  -3.1877338e-01
7.0490162e-01  -1.5397220e+00  8.3003749e-01  -2.5903582e-01
8.6378223e-01  -1.5844739e+00  8.0152081e-01  -2.0208410e-01
1.0352744e+00  -1.6225215e+00  7.6957425e-01  -1.4799808e-01
1.2199392e+00  -1.6524001e+00  7.3441977e-01  -9.6827036e-02
1.4182372e+00  -1.6723551e+00  6.9623546e-01  -4.8596069e-02
1.6304642e+00  -1.6802814e+00  6.5514840e-01  -3.3128926e-03
1.8566574e+00  -1.6736472e+00  6.1122597e-01  3.9024680e-02
2.0964552e+00  -1.6493997e+00  5.6446475e-01  7.8420049e-02
2.3488868e+00  -1.6038488e+00  5.1477583e-01  1.1486695e-01
2.6120471e+00  -1.5325302e+00  4.6196473e-01  1.4833467e-01
2.8825878e+00  -1.4300552e+00  4.0570448e-01  1.7874640e-01
3.1549065e+00  -1.2899924e+00  3.4550140e-01  2.0594517e-01
3.4198496e+00  -1.1049109e+00  2.8065950e-01  2.2963821e-01
3.6627098e+00  -8.6696332e-01  2.1027210e-01  2.4930547e-01
3.8605698e+00  -5.6999098e-01  1.3333900e-01  2.6406195e-01
3.9807082e+00  -2.1516420e-01  4.9273290e-02  2.7252175e-01
3.9867650e+00  1.7849572e-01  -4.0828550e-02  2.7293894e-01
3.8615829e+00  5.6798648e-01  -1.3284123e-01  2.6413492e-01
3.6285302e+00  9.0626584e-01  -2.2120552e-01  2.4664524e-01
3.3334537e+00  1.1718662e+00  -3.0275628e-01  2.2218419e-01
3.0141233e+00  1.3676717e+00  -3.7720715e-01  1.9227314e-01
2.6930215e+00  1.5052108e+00  -4.4538737e-01  1.5782589e-01
2.3820572e+00  1.5962700e+00  -5.0818828e-01  1.1931899e-01
2.0871954e+00  1.6506874e+00  -5.6627489e-01  7.6987284e-02
1.8111695e+00  1.6762483e+00  -6.2006780e-01  3.0942817e-02
1.5549350e+00  1.6790463e+00  -6.6978470e-01  -1.8759161e-02
1.3184542e+00  1.6638626e+00  -7.1548393e-01  -7.2081895e-02
1.1011336e+00  1.6344719e+00  -7.5709931e-01  -1.2898282e-01
9.0207656e-01  1.5938745e+00  -7.9446668e-01  -1.8939635e-01
7.2023318e-01  1.5444689e+00  -8.2734465e-01  -2.5322058e-01
5.5449110e-01  1.4881806e+00  -8.5543183e-01  -3.2030606e-01
4.0373118e-01  1.4265607e+00  -8.7838222e-01  -3.9044631e-01
2.6686156e-01  1.3608602e+00  -8.9581991e-01  -4.6336950e-01
1.4283811e-01  1.2920886e+00  -9.0735386e-01  -5.3873165e-01
3.0676298e-02  1.2210589e+00  -9.1259329e-01  -6.1611149e-01
-7.0542663e-02  1.1484241e+00  -9.1116376e-01  -6.9500738e-01
-1.6166920e-01  1.0747060e+00  -9.0272399e-01  -7.7483662e-01
-2.4348518e-01  1.0003182e+00  -8.8698320e-01  -8.5493773e-01
-3.1670518e-01  9.2558541e-01  -8.6371836e-01  -9.3457577e-01
-3.8197870e-01  8.5075871e-01  -8.3279109e-01  -1.0129513e+00
-4.3989287e-01  7.7602840e-01  -7.9416314e-01  -1.0892128e+00
-4.9097554e-01  7.0153447e-01  -7.4790986e-01  -1.1624724e+00
-5.3569828e-01  6.2737548e-01  -6.9423079e-01  -1.2318253e+00
-5.7447952e-01  5.5361582e-01  -6.3345649e-01  -1.2963709e+00
-6.0768748e-01  4.8029194e-01  -5.6605111e-01  -1.3552365e+00
-6.3564295e-01  4.0741755e-01  -4.9260996e-01  -1.4076017e+00
-6.5862185e-01  3.3498809e-01  -4.1385219e-01  -1.4527221e+00
-6.7685761e-01  2.6298454e-01  -3.3060825e-01  -1.4899518e+00
-6.9054325e-01  1.9137669e-01  -2.4380288e-01  -1.5187635e+00
-6.9983326e-01  1.2012608e-01  -1.5443400e-01  -1.5387644e+00
-7.0484521e-01  4.9188526e-02  -6.3548599e-02  -1.5497079e+00
-7.0566109e-01  -2.1483565e-02  2.7783219e-02  -1.5514999e+00
-7.0232851e-01  -9.1939070e-02  1.1849492e-01  -1.5442000e+00
-6.9486154e-01  -1.6222616e-01  2.0754953e-01  -1.5280167e+00
-6.8324142e-01  -2.3239036e-01  2.9396390e-01  -1.5032983e+00
-6.6741700e-01  -3.0247270e-01  3.7682999e-01  -1.4705188e+00
-6.4730500e-01  -3.7250772e-01  4.5533266e-01  -1.4302610e+00
-6.2279006e-01  -4.4252150e-01  5.2876313e-01  -1.3831964e+00
-5.9372466e-01  -5.1252953e-01  5.9652807e-01  -1.3300639e+00
-5.5992878e-01  -5.8253434e-01  6.5815415e-01  -1.2716485e+00
-5.2118949e-01  -6.5252296e-01  7.1328849e-01  -1.2087597e+00
-4.7726044e-01  -7.2246404e-01  7.6169514e-01  -1.1422121e+00
-4.2786115e-01  -7.9230453e-01  8.0324856e-01  -1.0728072e+00
-3.7267640e-01  -8.6196600e-01  8.3792434e-01  -1.0013183e+00
-3.1135549e-01  -9.3134025e-01  8.6578815e-01  -9.2847763e-01
-2.4351169e-01  -1.0002844e+00  8.8698335e-01  -8.5496655e-01
-1.6872171e-01  -1.0686149e+00  9.0171810e-01  -7.8140814e-01
-8.6525587e-02  -1.1361010e+00  9.1025217e-01  -7.0836269e-01
3.5731150e-03  -1.2024565e+00  9.1288427e-01  -6.3632543e-01
1.0210639e-01  -1.2673301e+00  9.0993986e-01  -5.6572623e-01
2.0964002e-01  -1.3302949e+00  9.0175987e-01  -4.9693108e-01
3.2677045e-01  -1.3908344e+00  8.8869049e-01  -4.3024497e-01
4.5411989e-01  -1.4483268e+00  8.7107383e-01  -3.6591576e-01
5.9232887e-01  -1.5020261e+00  8.4923971e-01  -3.0413901e-01
7.4204516e-01  -1.5510390e+00  8.2349823e-01  -2.4506324e-01
9.0390775e-01  -1.5942967e+00  7.9413306e-01  -1.8879568e-01
1.0785236e+00  -1.6305211e+00  7.6139515e-01  -1.3540826e-01
1.2664342e+00  -1.6581826e+00  7.2549648e-01  -8.4943822e-02
1.4680672e+00  -1.6754483e+00  6.8660358e-01  -3.7422642e-02
1.6836663e+00  -1.6801180e+00  6.4483001e-01  7.1506713e-03
1.9131876e+00  -1.6695437e+00  6.0022721e-01  4.8779457e-02
2.1561455e+00  -1.6405307e+00  5.5277271e-01  8.7465894e-02
2.4113795e+00  -1.5892158e+00  5.0235425e-01  1.2319938e-01
2.6766923e+00  -1.5109256e+00  4.4874818e-01  1.5594045e-01
2.9482821e+00  -1.4000284e+00  3.9159076e-01  1.8559672e-01
3.2198329e+00  -1.2498368e+00  3.3034256e-01  2.1198470e-01
3.4810674e+00  -1.0527316e+00  2.6425535e-01  2.3476695e-01
3.7155553e+00  -8.0098778e-01  1.9238053e-01  2.5334975e-01
3.8980350e+00  -4.8950698e-01  1.1374763e-01  2.6673670e-01
3.9938130e+00  -1.2266265e-01  2.8027009e-02  2.7342071e-01
3.9684466e+00  2.7465724e-01  -6.3027653e-02  2.7167249e-01
3.8136867e+00  6.5547976e-01  -1.5463270e-01  2.6065852e-01
3.5614583e+00  9.7703769e-01  -2.4151186e-01  2.4132311e-01
3.2577035e+00  1.2250129e+00  -3.2130901e-01  2.1543414e-01
2.9363850e+00  1.4056491e+00  -3.9416210e-01  1.8436770e-01
2.6169206e+00  1.5309796e+00  -4.6097244e-01  1.4891116e-01
2.3094430e+00  1.6123974e+00  -5.2258707e-01  1.0946795e-01
2.0189514e+00  1.6592246e+00  -5.7960974e-01  6.6235019e-02
1.7476509e+00  1.6788020e+00  -6.3240794e-01  1.9306059e-02
1.4962029e+00  1.6768750e+00  -6.8115729e-01  -3.1270949e-02
1.2644048e+00  1.6579574e+00  -7.2588332e-01  -8.5459727e-02
1.0515717e+00  1.6256189e+00  -7.6649408e-01  -1.4321356e-01
8.5675933e-01  1.5827008e+00  -8.0280509e-01  -2.0445924e-01
6.7889591e-01  1.5314772e+00  -8.3455904e-01  -2.6908436e-01
5.1686337e-01  1.4737757e+00  -8.6144243e-01  -3.3692659e-01
3.6954664e-01  1.4110688e+00  -8.8310070e-01  -4.0776439e-01
2.3586387e-01  1.3445447e+00  -8.9915295e-01  -4.8130913e-01
1.1478444e-01  1.2751616e+00  -9.0920675e-01  -5.5719864e-01
5.3392406e-03  1.2036913e+00  -9.1287377e-01  -6.3499250e-01
-9.3374183e-02  1.1307526e+00  -9.0978598e-01  -7.1416949e-01
-1.8218971e-01  1.0568392e+00  -8.9961268e-01  -7.9412764e-01
-2.6187283e-01  9.8234187e-01  -8.8207779e-01  -8.7418714e-01
-3.3312223e-01  9.0756624e-01  -8.5697719e-01  -9.5359660e-01
-3.9657214e-01  8.3274768e-01  -8.2419523e-01  -1.0315428e+00
-4.5279514e-01  7.5806346e-01  -7.8371989e-01  -1.1071638e+00
-5.0230521e-01  6.8364288e-01  -7.3565557e-01  -1.1795659e+00
-5.4556089e-01  6.0957562e-01  -6.8023289e-01  -1.2478431e+00
-5.8296823e-01  5.3591882e-01  -6.1781451e-01  -1.3110995e+00
-6.1488379e-01  4.6270302e-01  -5.4889656e-01  -1.3684727e+00
-6.4161732e-01  3.8993713e-01  -4.7410505e-01  -1.4191584e+00
-6.6343433e-01  3.1761279e-01  -3.9418724e-01  -1.4624339e+00
-6.8055831e-01  2.4570800e-01  -3.0999801e-01  -1.4976803e+00
-6.9317286e-01  1.7419031e-01  -2.2248179e-01  -1.5244012e+00
-7.0142342e-01  1.0301966e-01  -1.3265059e-01  -1.5422384e+00
-7.0541889e-01  3.2150843e-02  -4.1559403e-02  -1.5509814e+00
-7.0523291e-01  -3.8464241e-02  4.9720092e-02  -1.5505732e+00
-7.0090490e-01  -1.0887447e-01  1.4012615e-01  -1.5411100e+00
-6.9244101e-01  -1.7912756e-01  2.2863263e-01  -1.5228349e+00
-6.7981461e-01  -2.4926813e-01  3.1427264e-01  -1.4961278e+00
-6.6296683e-01  -3.1933582e-01  3.9615903e-01  -1.4614908e+00
-6.4180666e-01  -3.8936332e-01  4.7350121e-01  -1.4195298e+00
-6.1621101e-01  -4.5937437e-01  5.4561752e-01  -1.3709346e+00
-5.8602458e-01  -5.2938155e-01  6.1194328e-01  -1.3164571e+00
-5.5105945e-01  -5.9938392e-01  6.7203428e-01  -1.2568901e+00
-5.1109472e-01  -6.6936437e-01  7.2556621e-01  -1.1930460e+00
-4.6587587e-01  -7.3928662e-01  7.7233045e-01  -1.1257379e+00
-4.1511413e-01  -8.0909189e-01  8.1222671e-01  -1.0557618e+00
-3.5848579e-01  -8.7869500e-01  8.4525334e-01  -9.8388217e-01
-2.9563155e-01  -9.4797989e-01  8.7149589e-01  -9.1081985e-01
-2.2615588e-01  -1.0167945e+00  8.9111452e-01  -8.3724263e-01
-1.4962669e-01  -1.0849445e+00  9.0433100e-01  -7.6375884e-01
-6.5575185e-02  -1.1521866e+00  9.1141563e-01  -6.9091324e-01
2.6503742e-02  -1.2182198e+00  9.1267464e-01  -6.1918528e-01
1.2715042e-01  -1.2826760e+00  9.0843821e-01  -5.4898925e-01
2.3693836e-01  -1.3451076e+00  8.9904944e-01  -4.8067616e-01
3.5647075e-01  -1.4049746e+00  8.8485434e-01  -4.1453684e-01
4.8637499e-01  -1.4616272e+00  8.6619279e-01  -3.5080610e-01
6.2729455e-01  -1.5142861e+00  8.4339052e-01  -2.8966768e-01
7.7987676e-01  -1.5620186e+00  8.1675185e-01  -2.3125960e-01
9.4475537e-01  -1.6037089e+00  7.8655314e-01  -1.7568006e-01
1.1225251e+00  -1.6380224e+00  7.5303654e-01  -1.2299339e-01
1.3137052e+00  -1.6633618e+00  7.1640371e-01  -7.3236404e-02
1.5186865e+00  -1.6778123e+00  6.7680915e-01  -2.6424940e-02
1.7376544e+00  -1.6790738e+00  6.3435239e-01  1.7439049e-02
1.9704753e+00  -1.6643766e+00  5.8906830e-01  5.8359530e-02
2.2165264e+00  -1.6303769e+00  5.4091443e-01  9.6336799e-02
2.4744366e+00  -1.5730304e+00  4.8975392e-01  1.3135501e-01
2.7416850e+00  -1.4874459e+00  4.3533232e-01  1.6336455e-01
3.0139639e+00  -1.3677423e+00  3.7724702e-01  1.9225533e-01
3.2841617e+00  -1.2069817e+00  3.1491083e-01  2.1781379e-01
3.5407505e+00  -9.9739925e-01  2.4752324e-01  2.3965194e-01
3.7654134e+00  -7.3153968e-01  1.7410270e-01  2.5709370e-01
3.9304733e+00  -4.0575260e-01  9.3744567e-02  2.6902354e-01
3.9997698e+00  -2.8309681e-02  6.4640740e-03  2.7382668e-01
3.9424167e+00  3.6980317e-01  -8.5252639e-02  2.6985979e-01
3.7601046e+00  7.3934282e-01  -1.7612401e-01  2.5669769e-01
3.4915007e+00  1.0434217e+00  -2.6138747e-01  2.3562609e-01
3.1810361e+00  1.2742145e+00  -3.3944869e-01  2.0838980e-01
2.8588277e+00  1.4404106e+00  -4.1076019e-01  1.7621297e-01
2.5415687e+00  1.5542024e+00  -4.7625093e-01  1.3977014e-01
2.2378561e+00  1.6265223e+00  -5.3671466e-01  9.9402006e-02
1.9518553e+00  1.6661859e+00  -5.9269494e-01  5.5273423e-02
1.6853136e+00  1.6801138e+00  -6.4450885e-01  7.4629844e-03
1.4386367e+00  1.6737241e+00  -6.9229241e-01  -4.3986671e-02
1.2114786e+00  1.6512802e+00  -7.3604022e-01  -9.9038486e-02
1.0030759e+00  1.6161590e+00  -7.7563603e-01  -1.5764068e-01
8.1244392e-01  1.5710525e+00  -8.1087617e-01  -2.1971169e-01
6.3849376e-01  1.5181173e+00  -8.4148835e-01  -2.8512800e-01
4.8010443e-01  1.4590881e+00  -8.6714786e-01  -3.5371385e-01
3.3616665e-01  1.3953634e+00  -8.8749244e-01  -4.2523221e-01
2.0560960e-01  1.3280713e+00  -9.0213704e-01  -4.9937730e-01
8.7416743e-02  1.2581217e+00  -9.1068876e-01  -5.7576845e-01
-1.9365313e-02  1.1862467e+00  -9.1276265e-01  -6.5394594e-01
-1.1562260e-01  1.1130326e+00  -9.0799808e-01  -7.3336903e-01
-2.0217245e-01  1.0389467e+00  -8.9607590e-01  -8.1341663e-01
-2.7976411e-01  9.6435753e-01  -8.7673579e-01  -8.9339098e-01
-3.4908051e-01  8.8955268e-01  -8.4979344e-01  -9.7252479e-01
-4.1074077e-01  8.1475249e-01  -8.1515683e-01  -1.0499918e+00
-4.6530308e-01  7.4012183e-01  -7.7284089e-01  -1.1249207e+00
-5.1326781e-01  6.6577973e-01  -7.2297963e-01  -1.1964130e+00
-5.5508057e-01  5.9180745e-01  -6.6583508e-01  -1.2635631e+00
-5.9113526e-01  5.1825522e-01  -6.0180207e-01  -1.3254807e+00
-6.2177692e-01  4.4514795e-01  -5.3140850e-01  -1.3813154e+00
-6.4730443e-01  3.7249002e-01  -4.5531054e-01  -1.4302803e+00
-6.6797299e-01  3.0026947e-01  -3.7428279e-01  -1.4716759e+00
-6.8399631e-01  2.2846151e-01  -2.8920349e-01  -1.5049110e+00
-6.9554865e-01  1.5703162e-01  -2.0103544e-01  -1.5295213e+00
-7.0276654e-01  8.5938268e-02  -1.1080336e-01  -1.5451834e+00
-7.0575025e-01  1.5135356e-02  -1.9568677e-02  -1.5517235e+00
-7.0456511e-01  -5.5425585e-02  7.1596894e-02  -1.5491217e+00
-6.9924248e-01  -1.2579333e-01  1.6163789e-01  -1.5375102e+00
-6.8978055e-01  -1.9601503e-01  2.4954037e-01  -1.5171662e+00
-6.7614492e-01  -2.6613428e-01  3.3435487e-01  -1.4885006e+00
-6.5826896e-01  -3.3618922e-01  4.1521613e-01  -1.4520420e+00
-6.3605395e-01  -4.0621060e-01  4.9135878e-01  -1.4084187e+00
-6.0936908e-01  -4.7621966e-01  5.6212876e-01  -1.3583371e+00
-5.7805122e-01  -5.4622596e-01  6.2699023e-01  -1.3025611e+00
-5.4190457e-01  -6.1622492e-01  6.8552802e-01  -1.2418901e+00
-5.0070019e-01  -6.8619511e-01  7.3744618e-01  -1.1771384e+00
-4.5417539e-01  -7.5609516e-01  7.8256293e-01  -1.1091163e+00
-4.0203305e-01  -8.2586032e-01  8.2080269e-01  -1.0386136e+00
-3.4394096e-01  -8.9539840e-01  8.5218590e-01  -9.6638524e-01
-2.7953114e-01  -9.6458518e-01  8.7681722e-01  -8.9314003e-01
-2.0839930e-01  -1.0332590e+00  8.9487285e-01  -8.1953195e-01
-1.3010451e-01  -1.1012146e+00  9.0658743e-01  -7.4615433e-01
-4.4169168e-02  -1.1681954e+00  9.1224103e-01  -6.7353627e-01
4.9920424e-02  -1.2338854e+00  9.1214671e-01  -6.0214147e-01
1.5271282e-01  -1.2978983e+00  9.0663874e-01  -5.3236877e-01
2.6478905e-01  -1.3597659e+00  8.9606179e-01  -4.6455436e-01
3.8675872e-01  -1.4189232e+00  8.8076118e-01  -3.9897518e-01
5.1925399e-01  -1.4746913e+00  8.6107410e-01  -3.3585328e-01
6.6292051e-01  -1.5262564e+00  8.3732175e-01  -2.7536087e-01
8.1840424e-01  -1.5726446e+00  8.0980232e-01  -2.1762588e-01
9.8633218e-01  -1.6126910e+00  7.7878449e-01  -1.6273775e-01
1.1672848e+00  -1.6450023e+00  7.4450124e-01  -1.1075364e-01
1.3617560e+00  -1.6679102e+00  7.0714355e-01  -6.1704687e-02
1.5700954e+00  -1.6794139e+00  6.6685346e-01  -1.5602712e-02
1.7924237e+00  -1.6771088e+00  6.2371590e-01  2.7552530e-02
2.0285079e+00  -1.6580974e+00  5.7774844e-01  6.7765085e-02
2.2775732e+00  -1.6188798e+00  5.2888768e-01  1.0503265e-01
2.5380156e+00  -1.5552218e+00  4.7697085e-01  1.3933314e-01
2.8069537e+00  -1.4620060e+00  4.2171094e-01  1.7060529e-01
3.0795170e+00  -1.3330974e+00  3.6266434e-01  1.9871887e-01
3.3477061e+00  -1.1613183e+00  2.9919421e-01  2.2342621e-01
3.5986041e+00  -9.3881808e-01  2.3044902e-01  2.4428227e-01
3.8118462e+00  -6.5860094e-01  1.5542748e-01  2.6051945e-01
3.9573435e+00  -3.1893215e-01  7.3337667e-02  2.7089759e-01
3.9982287e+00  6.7308562e-02  -1.5362602e-02  2.7371878e-01
3.9089607e+00  4.6318513e-01  -1.0741628e-01  2.6750599e-01
3.7015381e+00  8.1922439e-01  -1.9726378e-01  2.5227905e-01
3.4192275e+00  1.1054632e+00  -2.8082855e-01  2.2957760e-01
3.1037827e+00  1.3196444e+00  -3.5718831e-01  2.0106499e-01
2.7816250e+00  1.4721303e+00  -4.2701500e-01  1.6781622e-01
2.4670521e+00  1.5750238e+00  -4.9123300e-01  1.3040657e-01
2.1673355e+00  1.6387586e+00  -5.5057764e-01  8.9123063e-02
1.8859203e+00  1.6716607e+00  -6.0553412e-01  4.4103549e-02
1.6241564e+00  1.6802536e+00  -6.5637187e-01  -4.5856492e-03
1.3822271e+00  1.6696488e+00  -7.0318961e-01  -5.6905521e-02
1.1596620e+00  1.6438748e+00  -7.4595280e-01  -1.1281707e-01
9.5563030e-01  1.6061274e+00  -7.8452223e-01  -1.7226260e-01
7.6911353e-01  1.5589577e+00  -8.1867613e-01  -2.3515148e-01
5.9900987e-01  1.5044118e+00  -8.4812818e-01  -3.0134852e-01
4.4419786e-01  1.4441362e+00  -8.7254330e-01  -3.7066398e-01
3.0357552e-01  1.3794592e+00  -8.9155240e-01  -4.4284495e-01
1.7608395e-01  1.3114520e+00  -9.0476714e-01  -5.1756811e-01
6.0721212e-02  1.2409784e+00  -9.1179508e-01  -5.9443409e-01
-4.3450148e-02  1.1687326e+00  -9.1225557e-01  -6.7296377e-01
-1.3729967e-01  1.0952703e+00  -9.0579638e-01  -7.5259689e-01
-2.2162820e-01  1.0210332e+00  -8.9211093e-01  -8.3269347e-01
-2.9716883e-01  9.4636884e-01  -8.7095562e-01  -9.1253826e-01
-3.6458889e-01  8.7154750e-01  -8.4216692e-01  -9.9134865e-01
-4.2449258e-01  7.9677518e-01  -8.0567726e-01  -1.0682861e+00
-4.7742388e-01  7.2220490e-01  -7.6152921e-01  -1.1424712e+00
-5.2386972e-01  6.4794593e-01  -7.0988692e-01  -1.2130016e+00
-5.6426299e-01  5.7407148e-01  -6.5104408e-01  -1.2789733e+00
-5.9898558e-01  5.0062521e-01  -5.8542770e-01  -1.3395035e+00
-6.2837119e-01  4.2762666e-01  -5.1359716e-01  -1.3937547e+00
-6.5270798e-01  3.5507595e-01  -4.3623822e-01  -1.4409590e+00
-6.7224095e-01  2.8295770e-01  -3.5415191e-01  -1.4804411e+00
-6.8717418e-01  2.1124452e-01  -2.6823874e-01  -1.5116388e+00
-6.9767268e-01  1.3989997e-01  -1.7947857e-01  -1.5341207e+00
-7.0386414e-01  6.8881206e-02  -8.8907330e-02  -1.5475985e+00
-7.0584032e-01  -1.8586392e-03  2.4086359e-03  -1.5519355e+00
-7.0365828e-01  -7.2368292e-02  9.3399128e-02  -1.5471487e+00
-6.9734135e-01  -1.4269631e-01  1.8301642e-01  -1.5334059e+00
-6.8687984e-01  -2.1288917e-01  2.7026011e-01  -1.5110178e+00
-6.7223156e-01  -2.8298932e-01  3.5419931e-01  -1.4804251e+00
-6.5332216e-01  -3.5303332e-01  4.3399151e-01  -1.4421822e+00
-6.3004522e-01  -4.2304980e-01  5.0889726e-01  -1.3969381e+00
-6.0226216e-01  -4.9305744e-01  5.7829046e-01  -1.3454152e+00
-5.6980204e-01  -5.6306261e-01  6.4166423e-01  -1.2883877e+00
-5.3246115e-01  -6.3305695e-01  6.9863236e-01  -1.2266604e+00
-4.9000248e-01  -7.0301450e-01  7.4892695e-01  -1.1610483e+00
-4.4215511e-01  -7.7288864e-01  7.9239259e-01  -1.0923584e+00
-3.8861355e-01  -8.4260839e-01  8.2897780e-01  -1.0213730e+00
-3.2903706e-01  -9.1207432e-01  8.5872439e-01  -9.4883716e-01
-2.6304895e-01  -9.8115373e-01  8.8175543e-01  -8.7544701e-01
-1.9023614e-01  -1.0496751e+00  8.9826237e-01  -8.0184246e-01
-1.1014888e-01  -1.1174214e+00  9.0849195e-01  -7.2860158e-01
-2.2300796e-02  -1.1841229e+00  9.1273331e-01  -6.5623781e-01
7.3830338e-02  -1.2494474e+00  9.1130564e-01  -5.8519911e-01
1.7880116e-01  -1.3129903e+00  9.0454666e-01  -5.1586900e-01
2.9319999e-01  -1.3742614e+00  8.9280206e-01  -4.4856906e-01
4.1764251e-01  -1.4326702e+00  8.7641598e-01  -3.8356262e-01
5.5276509e-01  -1.4875073e+00  8.5572243e-01  -3.2105924e-01
6.9921486e-01  -1.5379228e+00  8.3103770e-01  -2.6121996e-01
8.5763525e-01  -1.5829001e+00  8.0265347e-01  -2.0416290e-01
1.0286450e+00  -1.6212231e+00  7.7083038e-01  -1.4996918e-01
1.2128079e+00  -1.6514368e+00  7.3579192e-01  -9.8689102e-02
1.4105894e+00  -1.6717988e+00  6.9771795e-01  -5.0348527e-02
1.6222930e+00  -1.6802183e+00  6.5673758e-01  -4.9556859e-03
1.8479677e+00  -1.6741810e+00  6.1292061e-01  3.7491394e-02
2.0872703e+00  -1.6506554e+00  5.6626650e-01  7.6996256e-02
2.3392578e+00  -1.6059780e+00  5.1668987e-01  1.1355324e-01
2.6020677e+00  -1.5357158e+00  4.6400060e-01  1.4713290e-01
2.8724183e+00  -1.4345175e+00  4.0787726e-01  1.7766066e-01
3.1448112e+00  -1.2959913e+00  3.4783306e-01  2.0498340e-01
3.4102570e+00  -1.1127383e+00  2.8318004e-01  2.2881482e-01
3.6543016e+00  -8.7690280e-01  2.1301854e-01  2.4864560e-01
3.8543814e+00  -5.8219035e-01  1.3634630e-01  2.6360726e-01
3.9781112e+00  -2.2933203e-01  5.2543312e-02  2.7233335e-01
3.9889625e+00  1.6352307e-01  -3.7387835e-02  2.7308057e-01
3.8685184e+00  5.5411021e-01  -1.2943388e-01  2.6462354e-01
3.6386912e+00  8.9489265e-01  -2.1801438e-01  2.4743018e-01
3.3451467e+00  1.1632585e+00  -2.9983792e-01  2.2319868e-01
3.0262281e+00  1.3614821e+00  -3.7454182e-01  1.9347163e-01
2.7049242e+00  1.5009762e+00  -4.4293941e-01  1.5918364e-01
2.3934431e+00  1.5935805e+00  -5.0592788e-01  1.2082358e-01
2.0979127e+00  1.6492139e+00  -5.6418180e-01  7.8632751e-02
1.8211553e+00  1.6757330e+00  -6.1813030e-01  3.2726340e-02
