0.0000000e+00     inf
1.0000000e-02     2.9930000e-01
1.0000000e-02     2.9930000e-01
2.0000000e-02     3.9870000e-01
3.0000000e-02     5.9720000e-01
4.0000000e-02     7.9510000e-01
5.0000000e-02     9.9240000e-01
6.0000000e-02     1.1891000e+00
7.0000000e-02     1.3852000e+00
8.0000000e-02     1.5807000e+00
9.0000000e-02     1.7756000e+00
1.0000000e-01     1.9699000e+00
1.1000000e-01     2.1636000e+00
1.2000000e-01     2.3567000e+00
1.3000000e-01     2.5492000e+00
1.4000000e-01     2.7411000e+00
1.5000000e-01     2.9324000e+00
1.6000000e-01     3.1231000e+00
1.7000000e-01     3.3132000e+00
1.8000000e-01     3.5027000e+00
1.9000000e-01     3.6916000e+00
2.0000000e-01     3.8799000e+00
2.1000000e-01     4.0676000e+00
2.2000000e-01     4.2547000e+00
2.3000000e-01     4.4412000e+00
2.4000000e-01     4.6271000e+00
2.5000000e-01     4.8124000e+00
2.6000000e-01     4.9971000e+00
2.7000000e-01     5.1812000e+00
2.8000000e-01     5.3647000e+00
2.9000000e-01     5.5476000e+00
3.0000000e-01     5.7299000e+00
3.1000000e-01     5.9116000e+00
3.2000000e-01     6.0927000e+00
3.3000000e-01     6.2732000e+00
3.4000000e-01     6.4531000e+00
3.5000000e-01     6.6324000e+00
3.6000000e-01     6.8111000e+00
3.7000000e-01     6.9892000e+00
3.8000000e-01     7.1667000e+00
3.9000000e-01     7.3436000e+00
4.0000000e-01     7.5199000e+00
4.1000000e-01     7.6956000e+00
4.2000000e-01     7.8707000e+00
4.3000000e-01     8.0452000e+00
4.4000000e-01     8.2191000e+00
4.5000000e-01     8.3924000e+00
4.6000000e-01     8.5651000e+00
4.7000000e-01     8.7372000e+00
4.8000000e-01     8.9087000e+00
4.9000000e-01     9.0796000e+00
5.0000000e-01     9.2499000e+00
5.1000000e-01     9.4196000e+00
5.2000000e-01     9.5887000e+00
5.3000000e-01     9.7572000e+00
5.4000000e-01     9.9251000e+00
5.5000000e-01     1.0092400e+01
5.6000000e-01     1.0259100e+01
5.7000000e-01     1.0425200e+01
5.8000000e-01     1.0590700e+01
5.9000000e-01     1.0755600e+01
6.0000000e-01     1.0919900e+01
6.1000000e-01     1.1083600e+01
6.2000000e-01     1.1246700e+01
6.3000000e-01     1.1409200e+01
6.4000000e-01     1.1571100e+01
6.5000000e-01     1.1732400e+01
6.6000000e-01     1.1893100e+01
6.7000000e-01     1.2053200e+01
6.8000000e-01     1.2212700e+01
6.9000000e-01     1.2371600e+01
7.0000000e-01     1.2529900e+01
7.1000000e-01     1.2687600e+01
7.2000000e-01     1.2844700e+01
7.3000000e-01     1.3001200e+01
7.4000000e-01     1.3157100e+01
7.5000000e-01     1.3312400e+01
7.6000000e-01     1.3467100e+01
7.7000000e-01     1.3621200e+01
7.8000000e-01     1.3774700e+01
7.9000000e-01     1.3927600e+01
8.0000000e-01     1.4079900e+01
8.1000000e-01     1.4231600e+01
8.2000000e-01     1.4382700e+01
8.3000000e-01     1.4533200e+01
8.4000000e-01     1.4683100e+01
8.5000000e-01     1.4832400e+01
8.6000000e-01     1.4981100e+01
8.7000000e-01     1.5129200e+01
8.8000000e-01     1.5276700e+01
8.9000000e-01     1.5423600e+01
9.0000000e-01     1.5569900e+01
9.1000000e-01     1.5715600e+01
9.2000000e-01     1.5860700e+01
9.3000000e-01     1.6005200e+01
9.4000000e-01     1.6149100e+01
9.5000000e-01     1.6292400e+01
9.6000000e-01     1.6435100e+01
9.7000000e-01     1.6577200e+01
9.8000000e-01     1.6718700e+01
9.9000000e-01     1.6859600e+01
1.0000000e+00     1.6999900e+01
1.0100000e+00     1.7139600e+01
1.0200000e+00     1.7278700e+01
1.0300000e+00     1.7417200e+01
1.0400000e+00     1.7555100e+01
1.0500000e+00     1.7692400e+01
1.0600000e+00     1.7829100e+01
1.0700000e+00     1.7965200e+01
1.0800000e+00     1.8100700e+01
1.0900000e+00     1.8235600e+01
1.1000000e+00     1.8369900e+01
1.1100000e+00     1.8503600e+01
1.1200000e+00     1.8636700e+01
1.1300000e+00     1.8769200e+01
1.1400000e+00     1.8901100e+01
1.1500000e+00     1.9032400e+01
1.1600000e+00     1.9163100e+01
1.1700000e+00     1.9293200e+01
1.1800000e+00     1.9422700e+01
1.1900000e+00     1.9551600e+01
1.2000000e+00     1.9679900e+01
1.2100000e+00     1.9807600e+01
1.2200000e+00     1.9934700e+01
1.2300000e+00     2.0061200e+01
1.2400000e+00     2.0187100e+01
1.2500000e+00     2.0312400e+01
1.2600000e+00     2.0437100e+01
1.2700000e+00     2.0561200e+01
1.2800000e+00     2.0684700e+01
1.2900000e+00     2.0807600e+01
1.3000000e+00     2.0929900e+01
1.3100000e+00     2.1051600e+01
1.3200000e+00     2.1172700e+01
1.3300000e+00     2.1293200e+01
1.3400000e+00     2.1413100e+01
1.3500000e+00     2.1532400e+01
1.3600000e+00     2.1651100e+01
1.3700000e+00     2.1769200e+01
1.3800000e+00     2.1886700e+01
1.3900000e+00     2.2003600e+01
1.4000000e+00     2.2119900e+01
1.4100000e+00     2.2235600e+01
1.4200000e+00     2.2350700e+01
1.4300000e+00     2.2465200e+01
1.4400000e+00     2.2579100e+01
1.4500000e+00     2.2692400e+01
1.4600000e+00     2.2805100e+01
1.4700000e+00     2.2917200e+01
1.4800000e+00     2.3028700e+01
1.4900000e+00     2.3139600e+01
1.5000000e+00     2.3249900e+01
1.5100000e+00     2.3359600e+01
1.5200000e+00     2.3468700e+01
1.5300000e+00     2.3577200e+01
1.5400000e+00     2.3685100e+01
1.5500000e+00     2.3792400e+01
1.5600000e+00     2.3899100e+01
1.5700000e+00     2.4005200e+01
1.5800000e+00     2.4110700e+01
1.5900000e+00     2.4215600e+01
1.6000000e+00     2.4319900e+01
1.6100000e+00     2.4423600e+01
1.6200000e+00     2.4526700e+01
1.6300000e+00     2.4629200e+01
1.6400000e+00     2.4731100e+01
1.6500000e+00     2.4832400e+01
1.6600000e+00     2.4933100e+01
1.6700000e+00     2.5033200e+01
1.6800000e+00     2.5132700e+01
1.6900000e+00     2.5231600e+01
1.7000000e+00     2.5329900e+01
1.7100000e+00     2.5427600e+01
1.7200000e+00     2.5524700e+01
1.7300000e+00     2.5621200e+01
1.7400000e+00     2.5717100e+01
1.7500000e+00     2.5812400e+01
1.7600000e+00     2.5907100e+01
1.7700000e+00     2.6001200e+01
1.7800000e+00     2.6094700e+01
1.7900000e+00     2.6187600e+01
1.8000000e+00     2.6279900e+01
1.8100000e+00     2.6371600e+01
1.8200000e+00     2.6462700e+01
1.8300000e+00     2.6553200e+01
1.8400000e+00     2.6643100e+01
1.8500000e+00     2.6732400e+01
1.8600000e+00     2.6821100e+01
1.8700000e+00     2.6909200e+01
1.8800000e+00     2.6996700e+01
1.8900000e+00     2.7083600e+01
1.9000000e+00     2.7169900e+01
1.9100000e+00     2.7255600e+01
1.9200000e+00     2.7340700e+01
1.9300000e+00     2.7425200e+01
1.9400000e+00     2.7509100e+01
1.9500000e+00     2.7592400e+01
1.9600000e+00     2.7675100e+01
1.9700000e+00     2.7757200e+01
1.9800000e+00     2.7838700e+01
1.9900000e+00     2.7919600e+01
2.0000000e+00     2.7999900e+01
2.0100000e+00     2.8079600e+01
2.0200000e+00     2.8158700e+01
2.0300000e+00     2.8237200e+01
2.0400000e+00     2.8315100e+01
2.0500000e+00     2.8392400e+01
2.0600000e+00     2.8469100e+01
2.0700000e+00     2.8545200e+01
2.0800000e+00     2.8620700e+01
2.0900000e+00     2.8695600e+01
2.1000000e+00     2.8769900e+01
2.1100000e+00     2.8843600e+01
2.1200000e+00     2.8916700e+01
2.1300000e+00     2.8989200e+01
2.1400000e+00     2.9061100e+01
2.1500000e+00     2.9132400e+01
2.1600000e+00     2.9203100e+01
2.1700000e+00     2.9273200e+01
2.1800000e+00     2.9342700e+01
2.1900000e+00     2.9411600e+01
2.2000000e+00     2.9479900e+01
2.2100000e+00     2.9547600e+01
2.2200000e+00     2.9614700e+01
2.2300000e+00     2.9681200e+01
2.2400000e+00     2.9747100e+01
2.2500000e+00     2.9812400e+01
2.2600000e+00     2.9877100e+01
2.2700000e+00     2.9941200e+01
2.2800000e+00     3.0004700e+01
2.2900000e+00     3.0067600e+01
2.3000000e+00     3.0129900e+01
2.3100000e+00     3.0191600e+01
2.3200000e+00     3.0252700e+01
2.3300000e+00     3.0313200e+01
2.3400000e+00     3.0373100e+01
2.3500000e+00     3.0432400e+01
2.3600000e+00     3.0491100e+01
2.3700000e+00     3.0549200e+01
2.3800000e+00     3.0606700e+01
2.3900000e+00     3.0663600e+01
2.4000000e+00     3.0719900e+01
2.4100000e+00     3.0775600e+01
2.4200000e+00     3.0830700e+01
2.4300000e+00     3.0885200e+01
2.4400000e+00     3.0939100e+01
2.4500000e+00     3.0992400e+01
2.4600000e+00     3.1045100e+01
2.4700000e+00     3.1097200e+01
2.4800000e+00     3.1148700e+01
2.4900000e+00     3.1199600e+01
2.5000000e+00     3.1249900e+01
2.5100000e+00     3.1299600e+01
2.5200000e+00     3.1348700e+01
2.5300000e+00     3.1397200e+01
2.5400000e+00     3.1445100e+01
2.5500000e+00     3.1492400e+01
2.5600000e+00     3.1539100e+01
2.5700000e+00     3.1585200e+01
2.5800000e+00     3.1630700e+01
2.5900000e+00     3.1675600e+01
2.6000000e+00     3.1719900e+01
2.6100000e+00     3.1763600e+01
2.6200000e+00     3.1806700e+01
2.6300000e+00     3.1849200e+01
2.6400000e+00     3.1891100e+01
2.6500000e+00     3.1932400e+01
2.6600000e+00     3.1973100e+01
2.6700000e+00     3.2013200e+01
2.6800000e+00     3.2052700e+01
2.6900000e+00     3.2091600e+01
2.7000000e+00     3.2129900e+01
2.7100000e+00     3.2167600e+01
2.7200000e+00     3.2204700e+01
2.7300000e+00     3.2241200e+01
2.7400000e+00     3.2277100e+01
2.7500000e+00     3.2312400e+01
2.7600000e+00     3.2347100e+01
2.7700000e+00     3.2381200e+01
2.7800000e+00     3.2414700e+01
2.7900000e+00     3.2447600e+01
2.8000000e+00     3.2479900e+01
2.8100000e+00     3.2511600e+01
2.8200000e+00     3.2542700e+01
2.8300000e+00     3.2573200e+01
2.8400000e+00     3.2603100e+01
2.8500000e+00     3.2632400e+01
2.8600000e+00     3.2661100e+01
2.8700000e+00     3.2689200e+01
2.8800000e+00     3.2716700e+01
2.8900000e+00     3.2743600e+01
2.9000000e+00     3.2769900e+01
2.9100000e+00     3.2795600e+01
2.9200000e+00     3.2820700e+01
2.9300000e+00     3.2845200e+01
2.9400000e+00     3.2869100e+01
2.9500000e+00     3.2892400e+01
2.9600000e+00     3.2915100e+01
2.9700000e+00     3.2937200e+01
2.9800000e+00     3.2958700e+01
2.9900000e+00     3.2979600e+01
3.0000000e+00     3.2999900e+01
3.0100000e+00     3.3019600e+01
3.0200000e+00     3.3038700e+01
3.0300000e+00     3.3057200e+01
3.0400000e+00     3.3075100e+01
3.0500000e+00     3.3092400e+01
3.0600000e+00     3.3109100e+01
3.0700000e+00     3.3125200e+01
3.0800000e+00     3.3140700e+01
3.0900000e+00     3.3155600e+01
3.1000000e+00     3.3169900e+01
3.1100000e+00     3.3183600e+01
3.1200000e+00     3.3196700e+01
3.1300000e+00     3.3209200e+01
3.1400000e+00     3.3221100e+01
3.1500000e+00     3.3232400e+01
3.1600000e+00     3.3243100e+01
3.1700000e+00     3.3253200e+01
3.1800000e+00     3.3262700e+01
3.1900000e+00     3.3271600e+01
3.2000000e+00     3.3279900e+01
3.2100000e+00     3.3287600e+01
3.2200000e+00     3.3294700e+01
3.2300000e+00     3.3301200e+01
3.2400000e+00     3.3307100e+01
3.2500000e+00     3.3312400e+01
3.2600000e+00     3.3317100e+01
3.2700000e+00     3.3321200e+01
3.2800000e+00     3.3324700e+01
3.2900000e+00     3.3327600e+01
3.3000000e+00     3.3329900e+01
3.3100000e+00     3.3331600e+01
3.3200000e+00     3.3332700e+01
3.3300000e+00     3.3333200e+01
3.3400000e+00     3.3333100e+01
3.3500000e+00     3.3332400e+01
3.3600000e+00     3.3331100e+01
3.3700000e+00     3.3329200e+01
3.3800000e+00     3.3326700e+01
3.3900000e+00     3.3323600e+01
3.4000000e+00     3.3319900e+01
3.4100000e+00     3.3315600e+01
3.4200000e+00     3.3310700e+01
3.4300000e+00     3.3305200e+01
3.4400000e+00     3.3299100e+01
3.4500000e+00     3.3292400e+01
3.4600000e+00     3.3285100e+01
3.4700000e+00     3.3277200e+01
3.4800000e+00     3.3268700e+01
3.4900000e+00     3.3259600e+01
3.5000000e+00     3.3249900e+01
3.5100000e+00     3.3239600e+01
3.5200000e+00     3.3228700e+01
3.5300000e+00     3.3217200e+01
3.5400000e+00     3.3205100e+01
3.5500000e+00     3.3192400e+01
3.5600000e+00     3.3179100e+01
3.5700000e+00     3.3165200e+01
3.5800000e+00     3.3150700e+01
3.5900000e+00     3.3135600e+01
3.6000000e+00     3.3119900e+01
3.6100000e+00     3.3103600e+01
3.6200000e+00     3.3086700e+01
3.6300000e+00     3.3069200e+01
3.6400000e+00     3.3051100e+01
3.6500000e+00     3.3032400e+01
3.6600000e+00     3.3013100e+01
3.6700000e+00     3.2993200e+01
3.6800000e+00     3.2972700e+01
3.6900000e+00     3.2951600e+01
3.7000000e+00     3.2929900e+01
3.7100000e+00     3.2907600e+01
3.7200000e+00     3.2884700e+01
3.7300000e+00     3.2861200e+01
3.7400000e+00     3.2837100e+01
3.7500000e+00     3.2812400e+01
3.7600000e+00     3.2787100e+01
3.7700000e+00     3.2761200e+01
3.7800000e+00     3.2734700e+01
3.7900000e+00     3.2707600e+01
3.8000000e+00     3.2679900e+01
3.8100000e+00     3.2651600e+01
3.8200000e+00     3.2622700e+01
3.8300000e+00     3.2593200e+01
3.8400000e+00     3.2563100e+01
3.8500000e+00     3.2532400e+01
3.8600000e+00     3.2501100e+01
3.8700000e+00     3.2469200e+01
3.8800000e+00     3.2436700e+01
3.8900000e+00     3.2403600e+01
3.9000000e+00     3.2369900e+01
3.9100000e+00     3.2335600e+01
3.9200000e+00     3.2300700e+01
3.9300000e+00     3.2265200e+01
3.9400000e+00     3.2229100e+01
3.9500000e+00     3.2192400e+01
3.9600000e+00     3.2155100e+01
3.9700000e+00     3.2117200e+01
3.9800000e+00     3.2078700e+01
3.9900000e+00     3.2039600e+01
4.0000000e+00     3.1999900e+01
4.0100000e+00     3.1959600e+01
4.0200000e+00     3.1918700e+01
4.0300000e+00     3.1877200e+01
4.0400000e+00     3.1835100e+01
4.0500000e+00     3.1792400e+01
4.0600000e+00     3.1749100e+01
4.0700000e+00     3.1705200e+01
4.0800000e+00     3.1660700e+01
4.0900000e+00     3.1615600e+01
4.1000000e+00     3.1569900e+01
4.1100000e+00     3.1523600e+01
4.1200000e+00     3.1476700e+01
4.1300000e+00     3.1429200e+01
4.1400000e+00     3.1381100e+01
4.1500000e+00     3.1332400e+01
4.1600000e+00     3.1283100e+01
4.1700000e+00     3.1233200e+01
4.1800000e+00     3.1182700e+01
4.1900000e+00     3.1131600e+01
4.2000000e+00     3.1079900e+01
4.2100000e+00     3.1027600e+01
4.2200000e+00     3.0974700e+01
4.2300000e+00     3.0921200e+01
4.2400000e+00     3.0867100e+01
4.2500000e+00     3.0812400e+01
4.2600000e+00     3.0757100e+01
4.2700000e+00     3.0701200e+01
4.2800000e+00     3.0644700e+01
4.2900000e+00     3.0587600e+01
4.3000000e+00     3.0529900e+01
4.3100000e+00     3.0471600e+01
4.3200000e+00     3.0412700e+01
4.3300000e+00     3.0353200e+01
4.3400000e+00     3.0293100e+01
4.3500000e+00     3.0232400e+01
4.3600000e+00     3.0171100e+01
4.3700000e+00     3.0109200e+01
4.3800000e+00     3.0046700e+01
4.3900000e+00     2.9983600e+01
4.4000000e+00     2.9919900e+01
4.4100000e+00     2.9855600e+01
4.4200000e+00     2.9790700e+01
4.4300000e+00     2.9725200e+01
4.4400000e+00     2.9659100e+01
4.4500000e+00     2.9592400e+01
4.4600000e+00     2.9525100e+01
4.4700000e+00     2.9457200e+01
4.4800000e+00     2.9388700e+01
4.4900000e+00     2.9319600e+01
4.5000000e+00     2.9249900e+01
4.5100000e+00     2.9179600e+01
4.5200000e+00     2.9108700e+01
4.5300000e+00     2.9037200e+01
4.5400000e+00     2.8965100e+01
4.5500000e+00     2.8892400e+01
4.5600000e+00     2.8819100e+01
4.5700000e+00     2.8745200e+01
4.5800000e+00     2.8670700e+01
4.5900000e+00     2.8595600e+01
4.6000000e+00     2.8519900e+01
4.6100000e+00     2.8443600e+01
4.6200000e+00     2.8366700e+01
4.6300000e+00     2.8289200e+01
4.6400000e+00     2.8211100e+01
4.6500000e+00     2.8132400e+01
4.6600000e+00     2.8053100e+01
4.6700000e+00     2.7973200e+01
4.6800000e+00     2.7892700e+01
4.6900000e+00     2.7811600e+01
4.7000000e+00     2.7729900e+01
4.7100000e+00     2.7647600e+01
4.7200000e+00     2.7564700e+01
4.7300000e+00     2.7481200e+01
4.7400000e+00     2.7397100e+01
4.7500000e+00     2.7312400e+01
4.7600000e+00     2.7227100e+01
4.7700000e+00     2.7141200e+01
4.7800000e+00     2.7054700e+01
4.7900000e+00     2.6967600e+01
4.8000000e+00     2.6879900e+01
4.8100000e+00     2.6791601e+01
4.8200000e+00     2.6702701e+01
4.8300000e+00     2.6613201e+01
4.8400000e+00     2.6523101e+01
4.8500000e+00     2.6432401e+01
4.8600000e+00     2.6341101e+01
4.8700000e+00     2.6249201e+01
4.8800000e+00     2.6156701e+01
4.8900000e+00     2.6063601e+01
4.9000000e+00     2.5969901e+01
4.9100000e+00     2.5875601e+01
4.9200000e+00     2.5780701e+01
4.9300000e+00     2.5685201e+01
4.9400000e+00     2.5589101e+01
4.9500000e+00     2.5492401e+01
4.9600000e+00     2.5395101e+01
4.9700000e+00     2.5297201e+01
4.9800000e+00     2.5198701e+01
4.9900000e+00     2.5099601e+01
5.0000000e+00     2.4999901e+01
5.0100000e+00     2.4899601e+01
5.0200000e+00     2.4798701e+01
5.0300000e+00     2.4697201e+01
5.0400000e+00     2.4595101e+01
5.0500000e+00     2.4492401e+01
5.0600000e+00     2.4389102e+01
5.0700000e+00     2.4285202e+01
5.0800000e+00     2.4180702e+01
5.0900000e+00     2.4075602e+01
5.1000000e+00     2.3969902e+01
5.1100000e+00     2.3863602e+01
5.1200000e+00     2.3756702e+01
5.1300000e+00     2.3649202e+01
5.1400000e+00     2.3541102e+01
5.1500000e+00     2.3432402e+01
5.1600000e+00     2.3323102e+01
5.1700000e+00     2.3213202e+01
5.1800000e+00     2.3102702e+01
5.1900000e+00     2.2991603e+01
5.2000000e+00     2.2879903e+01
5.2100000e+00     2.2767603e+01
5.2200000e+00     2.2654703e+01
5.2300000e+00     2.2541203e+01
5.2400000e+00     2.2427103e+01
5.2500000e+00     2.2312403e+01
5.2600000e+00     2.2197103e+01
5.2700000e+00     2.2081204e+01
5.2800000e+00     2.1964704e+01
5.2900000e+00     2.1847604e+01
5.3000000e+00     2.1729904e+01
5.3100000e+00     2.1611604e+01
5.3200000e+00     2.1492704e+01
5.3300000e+00     2.1373204e+01
5.3400000e+00     2.1253105e+01
5.3500000e+00     2.1132405e+01
5.3600000e+00     2.1011105e+01
5.3700000e+00     2.0889205e+01
5.3800000e+00     2.0766705e+01
5.3900000e+00     2.0643605e+01
5.4000000e+00     2.0519906e+01
5.4100000e+00     2.0395606e+01
5.4200000e+00     2.0270706e+01
5.4300000e+00     2.0145206e+01
5.4400000e+00     2.0019107e+01
5.4500000e+00     1.9892407e+01
5.4600000e+00     1.9765107e+01
5.4700000e+00     1.9637207e+01
5.4800000e+00     1.9508708e+01
5.4900000e+00     1.9379608e+01
5.5000000e+00     1.9249908e+01
5.5100000e+00     1.9119608e+01
5.5200000e+00     1.8988709e+01
5.5300000e+00     1.8857209e+01
5.5400000e+00     1.8725109e+01
5.5500000e+00     1.8592410e+01
5.5600000e+00     1.8459110e+01
5.5700000e+00     1.8325210e+01
5.5800000e+00     1.8190711e+01
5.5900000e+00     1.8055611e+01
5.6000000e+00     1.7919911e+01
5.6100000e+00     1.7783612e+01
5.6200000e+00     1.7646712e+01
5.6300000e+00     1.7509213e+01
5.6400000e+00     1.7371113e+01
5.6500000e+00     1.7232414e+01
5.6600000e+00     1.7093114e+01
5.6700000e+00     1.6953215e+01
5.6800000e+00     1.6812715e+01
5.6900000e+00     1.6671616e+01
5.7000000e+00     1.6529916e+01
5.7100000e+00     1.6387617e+01
5.7200000e+00     1.6244717e+01
5.7300000e+00     1.6101218e+01
5.7400000e+00     1.5957118e+01
5.7500000e+00     1.5812419e+01
5.7600000e+00     1.5667119e+01
5.7700000e+00     1.5521220e+01
5.7800000e+00     1.5374721e+01
5.7900000e+00     1.5227621e+01
5.8000000e+00     1.5079922e+01
5.8100000e+00     1.4931623e+01
5.8200000e+00     1.4782724e+01
5.8300000e+00     1.4633224e+01
5.8400000e+00     1.4483125e+01
5.8500000e+00     1.4332426e+01
5.8600000e+00     1.4181127e+01
5.8700000e+00     1.4029228e+01
5.8800000e+00     1.3876728e+01
5.8900000e+00     1.3723629e+01
5.9000000e+00     1.3569930e+01
5.9100000e+00     1.3415631e+01
5.9200000e+00     1.3260732e+01
5.9300000e+00     1.3105233e+01
5.9400000e+00     1.2949134e+01
5.9500000e+00     1.2792435e+01
5.9600000e+00     1.2635136e+01
5.9700000e+00     1.2477237e+01
5.9800000e+00     1.2318739e+01
5.9900000e+00     1.2159640e+01
6.0000000e+00     1.1999941e+01
6.0100000e+00     1.1839642e+01
6.0200000e+00     1.1678743e+01
6.0300000e+00     1.1517245e+01
6.0400000e+00     1.1355146e+01
6.0500000e+00     1.1192447e+01
6.0600000e+00     1.1029149e+01
6.0700000e+00     1.0865250e+01
6.0800000e+00     1.0700752e+01
6.0900000e+00     1.0535653e+01
6.1000000e+00     1.0369955e+01
6.1100000e+00     1.0203656e+01
6.1200000e+00     1.0036758e+01
6.1300000e+00     9.8692597e+00
6.1400000e+00     9.7011614e+00
6.1500000e+00     9.5324632e+00
6.1600000e+00     9.3631650e+00
6.1700000e+00     9.1932669e+00
6.1800000e+00     9.0227688e+00
6.1900000e+00     8.8516707e+00
6.2000000e+00     8.6799727e+00
6.2100000e+00     8.5076748e+00
6.2200000e+00     8.3347769e+00
6.2300000e+00     8.1612791e+00
6.2400000e+00     7.9871813e+00
6.2500000e+00     7.8124835e+00
6.2600000e+00     7.6371859e+00
6.2700000e+00     7.4612882e+00
6.2800000e+00     7.2847907e+00
6.2900000e+00     7.1076932e+00
6.3000000e+00     6.9299957e+00
6.3100000e+00     6.7516983e+00
6.3200000e+00     6.5728010e+00
6.3300000e+00     6.3933038e+00
6.3400000e+00     6.2132066e+00
6.3500000e+00     6.0325095e+00
6.3600000e+00     5.8512124e+00
6.3700000e+00     5.6693154e+00
6.3800000e+00     5.4868185e+00
6.3900000e+00     5.3037217e+00
6.4000000e+00     5.1200249e+00
6.4100000e+00     4.9357282e+00
6.4200000e+00     4.7508316e+00
6.4300000e+00     4.5653351e+00
6.4400000e+00     4.3792387e+00
6.4500000e+00     4.1925423e+00
6.4600000e+00     4.0052460e+00
6.4700000e+00     3.8173498e+00
6.4800000e+00     3.6288537e+00
6.4900000e+00     3.4397577e+00
6.5000000e+00     3.2500618e+00
6.5100000e+00     3.0597659e+00
6.5200000e+00     2.8688702e+00
6.5300000e+00     2.6773745e+00
6.5400000e+00     2.4852790e+00
6.5500000e+00     2.2925835e+00
6.5600000e+00     2.0992882e+00
6.5700000e+00     1.9053930e+00
6.5800000e+00     1.7108978e+00
6.5900000e+00     1.5158028e+00
6.6000000e+00     1.3201079e+00
6.6100000e+00     1.1238131e+00
6.6200000e+00     9.2691839e-01
6.6300000e+00     7.2942382e-01
6.6400000e+00     5.3132936e-01
6.6500000e+00     3.3263503e-01
6.6600000e+00     1.3334081e-01
6.6700000e+00     -6.6553272e-02
6.6800000e+00     -2.6704723e-01
6.6900000e+00     -4.6814106e-01
6.7000000e+00     -6.6983475e-01
6.7100000e+00     -8.7212832e-01
6.7200000e+00     -1.0750217e+00
6.7300000e+00     -1.2785150e+00
6.7400000e+00     -1.4826082e+00
6.7500000e+00     -1.6873012e+00
6.7600000e+00     -1.8925940e+00
6.7700000e+00     -2.0984867e+00
6.7800000e+00     -2.3049793e+00
6.7900000e+00     -2.5120717e+00
6.8000000e+00     -2.7197639e+00
6.8100000e+00     -2.9280560e+00
6.8200000e+00     -3.1369479e+00
6.8300000e+00     -3.3464396e+00
6.8400000e+00     -3.5565312e+00
6.8500000e+00     -3.7672226e+00
6.8600000e+00     -3.9785138e+00
6.8700000e+00     -4.1904048e+00
6.8800000e+00     -4.4028957e+00
6.8900000e+00     -4.6159864e+00
6.9000000e+00     -4.8296769e+00
6.9100000e+00     -5.0439672e+00
6.9200000e+00     -5.2588573e+00
6.9300000e+00     -5.4743472e+00
6.9400000e+00     -5.6904369e+00
6.9500000e+00     -5.9071264e+00
6.9600000e+00     -6.1244157e+00
6.9700000e+00     -6.3423048e+00
6.9800000e+00     -6.5607936e+00
6.9900000e+00     -6.7798823e+00
7.0000000e+00     -6.9995707e+00
7.0100000e+00     -7.2198589e+00
7.0200000e+00     -7.4407469e+00
7.0300000e+00     -7.6622346e+00
7.0400000e+00     -7.8843221e+00
7.0500000e+00     -8.1070093e+00
7.0600000e+00     -8.3302963e+00
7.0700000e+00     -8.5541831e+00
7.0800000e+00     -8.7786696e+00
7.0900000e+00     -9.0037559e+00
7.1000000e+00     -9.2294419e+00
7.1100000e+00     -9.4557276e+00
7.1200000e+00     -9.6826130e+00
7.1300000e+00     -9.9100982e+00
7.1400000e+00     -1.0138183e+01
7.1500000e+00     -1.0366868e+01
7.1600000e+00     -1.0596152e+01
7.1700000e+00     -1.0826036e+01
7.1800000e+00     -1.1056520e+01
7.1900000e+00     -1.1287603e+01
7.2000000e+00     -1.1519286e+01
7.2100000e+00     -1.1751569e+01
7.2200000e+00     -1.1984452e+01
7.2300000e+00     -1.2217934e+01
7.2400000e+00     -1.2452016e+01
7.2500000e+00     -1.2686697e+01
7.2600000e+00     -1.2921978e+01
7.2700000e+00     -1.3157859e+01
7.2800000e+00     -1.3394340e+01
7.2900000e+00     -1.3631420e+01
7.3000000e+00     -1.3869100e+01
7.3100000e+00     -1.4107379e+01
7.3200000e+00     -1.4346258e+01
7.3300000e+00     -1.4585737e+01
7.3400000e+00     -1.4825815e+01
7.3500000e+00     -1.5066493e+01
7.3600000e+00     -1.5307771e+01
7.3700000e+00     -1.5549648e+01
7.3800000e+00     -1.5792125e+01
7.3900000e+00     -1.6035201e+01
7.4000000e+00     -1.6278877e+01
7.4100000e+00     -1.6523152e+01
7.4200000e+00     -1.6768027e+01
7.4300000e+00     -1.7013502e+01
7.4400000e+00     -1.7259576e+01
7.4500000e+00     -1.7506250e+01
7.4600000e+00     -1.7753523e+01
7.4700000e+00     -1.8001396e+01
7.4800000e+00     -1.8249869e+01
7.4900000e+00     -1.8498940e+01
7.5000000e+00     -1.8748612e+01
7.5100000e+00     -1.8998883e+01
7.5200000e+00     -1.9249753e+01
7.5300000e+00     -1.9501223e+01
7.5400000e+00     -1.9753293e+01
7.5500000e+00     -2.0005962e+01
7.5600000e+00     -2.0259230e+01
7.5700000e+00     -2.0513098e+01
7.5800000e+00     -2.0767565e+01
7.5900000e+00     -2.1022632e+01
7.6000000e+00     -2.1278299e+01
7.6100000e+00     -2.1534564e+01
7.6200000e+00     -2.1791429e+01
7.6300000e+00     -2.2048894e+01
7.6400000e+00     -2.2306958e+01
7.6500000e+00     -2.2565621e+01
7.6600000e+00     -2.2824884e+01
7.6700000e+00     -2.3084746e+01
7.6800000e+00     -2.3345208e+01
7.6900000e+00     -2.3606269e+01
7.7000000e+00     -2.3867929e+01
7.7100000e+00     -2.4130189e+01
7.7200000e+00     -2.4393048e+01
7.7300000e+00     -2.4656507e+01
7.7400000e+00     -2.4920564e+01
7.7500000e+00     -2.5185221e+01
7.7600000e+00     -2.5450478e+01
7.7700000e+00     -2.5716334e+01
7.7800000e+00     -2.5982789e+01
7.7900000e+00     -2.6249843e+01
7.8000000e+00     -2.6517497e+01
7.8100000e+00     -2.6785749e+01
7.8200000e+00     -2.7054602e+01
7.8300000e+00     -2.7324053e+01
7.8400000e+00     -2.7594104e+01
7.8500000e+00     -2.7864753e+01
7.8600000e+00     -2.8136003e+01
7.8700000e+00     -2.8407851e+01
7.8800000e+00     -2.8680298e+01
7.8900000e+00     -2.8953345e+01
7.9000000e+00     -2.9226991e+01
7.9100000e+00     -2.9501236e+01
7.9200000e+00     -2.9776080e+01
7.9300000e+00     -3.0051524e+01
7.9400000e+00     -3.0327566e+01
7.9500000e+00     -3.0604208e+01
7.9600000e+00     -3.0881449e+01
7.9700000e+00     -3.1159289e+01
7.9800000e+00     -3.1437728e+01
7.9900000e+00     -3.1716766e+01
8.0000000e+00     -3.1996403e+01
8.0100000e+00     -3.2276639e+01
8.0200000e+00     -3.2557475e+01
8.0300000e+00     -3.2838909e+01
8.0400000e+00     -3.3120942e+01
8.0500000e+00     -3.3403575e+01
8.0600000e+00     -3.3686806e+01
8.0700000e+00     -3.3970637e+01
8.0800000e+00     -3.4255066e+01
8.0900000e+00     -3.4540094e+01
8.1000000e+00     -3.4825722e+01
8.1100000e+00     -3.5111948e+01
8.1200000e+00     -3.5398773e+01
8.1300000e+00     -3.5686197e+01
8.1400000e+00     -3.5974220e+01
8.1500000e+00     -3.6262842e+01
8.1600000e+00     -3.6552063e+01
8.1700000e+00     -3.6841883e+01
8.1800000e+00     -3.7132301e+01
8.1900000e+00     -3.7423319e+01
8.2000000e+00     -3.7714935e+01
8.2100000e+00     -3.8007150e+01
8.2200000e+00     -3.8299964e+01
8.2300000e+00     -3.8593377e+01
8.2400000e+00     -3.8887388e+01
8.2500000e+00     -3.9181998e+01
8.2600000e+00     -3.9477207e+01
8.2700000e+00     -3.9773015e+01
8.2800000e+00     -4.0069421e+01
8.2900000e+00     -4.0366426e+01
8.3000000e+00     -4.0664030e+01
8.3100000e+00     -4.0962232e+01
8.3200000e+00     -4.1261034e+01
8.3300000e+00     -4.1560433e+01
8.3400000e+00     -4.1860432e+01
8.3500000e+00     -4.2161029e+01
8.3600000e+00     -4.2462224e+01
8.3700000e+00     -4.2764018e+01
8.3800000e+00     -4.3066411e+01
8.3900000e+00     -4.3369403e+01
8.4000000e+00     -4.3672992e+01
8.4100000e+00     -4.3977181e+01
8.4200000e+00     -4.4281968e+01
8.4300000e+00     -4.4587353e+01
8.4400000e+00     -4.4893337e+01
8.4500000e+00     -4.5199919e+01
8.4600000e+00     -4.5507100e+01
8.4700000e+00     -4.5814879e+01
8.4800000e+00     -4.6123256e+01
8.4900000e+00     -4.6432232e+01
8.5000000e+00     -4.6741807e+01
8.5100000e+00     -4.7051979e+01
8.5200000e+00     -4.7362750e+01
8.5300000e+00     -4.7674120e+01
8.5400000e+00     -4.7986087e+01
8.5500000e+00     -4.8298653e+01
8.5600000e+00     -4.8611817e+01
8.5700000e+00     -4.8925580e+01
8.5800000e+00     -4.9239940e+01
8.5900000e+00     -4.9554899e+01
8.6000000e+00     -4.9870456e+01
8.6100000e+00     -5.0186611e+01
8.6200000e+00     -5.0503365e+01
8.6300000e+00     -5.0820716e+01
8.6400000e+00     -5.1138666e+01
8.6500000e+00     -5.1457213e+01
8.6600000e+00     -5.1776359e+01
8.6700000e+00     -5.2096103e+01
8.6800000e+00     -5.2416445e+01
8.6900000e+00     -5.2737384e+01
8.7000000e+00     -5.3058922e+01
8.7100000e+00     -5.3381058e+01
8.7200000e+00     -5.3703792e+01
8.7300000e+00     -5.4027123e+01
8.7400000e+00     -5.4351053e+01
8.7500000e+00     -5.4675580e+01
8.7600000e+00     -5.5000706e+01
8.7700000e+00     -5.5326429e+01
8.7800000e+00     -5.5652750e+01
8.7900000e+00     -5.5979669e+01
8.8000000e+00     -5.6307185e+01
8.8100000e+00     -5.6635300e+01
8.8200000e+00     -5.6964012e+01
8.8300000e+00     -5.7293322e+01
8.8400000e+00     -5.7623229e+01
8.8500000e+00     -5.7953735e+01
8.8600000e+00     -5.8284837e+01
8.8700000e+00     -5.8616538e+01
8.8800000e+00     -5.8948836e+01
8.8900000e+00     -5.9281732e+01
8.9000000e+00     -5.9615225e+01
8.9100000e+00     -5.9949315e+01
8.9200000e+00     -6.0284004e+01
8.9300000e+00     -6.0619289e+01
8.9400000e+00     -6.0955173e+01
8.9500000e+00     -6.1291653e+01
8.9600000e+00     -6.1628731e+01
8.9700000e+00     -6.1966407e+01
8.9800000e+00     -6.2304679e+01
8.9900000e+00     -6.2643550e+01
9.0000000e+00     -6.2983017e+01
9.0100000e+00     -6.3323082e+01
9.0200000e+00     -6.3663744e+01
9.0300000e+00     -6.4005003e+01
9.0400000e+00     -6.4346859e+01
9.0500000e+00     -6.4689313e+01
9.0600000e+00     -6.5032364e+01
9.0700000e+00     -6.5376012e+01
9.0800000e+00     -6.5720257e+01
9.0900000e+00     -6.6065099e+01
9.1000000e+00     -6.6410538e+01
9.1100000e+00     -6.6756574e+01
9.1200000e+00     -6.7103207e+01
9.1300000e+00     -6.7450437e+01
9.1400000e+00     -6.7798265e+01
9.1500000e+00     -6.8146689e+01
9.1600000e+00     -6.8495709e+01
9.1700000e+00     -6.8845327e+01
9.1800000e+00     -6.9195542e+01
9.1900000e+00     -6.9546353e+01
9.2000000e+00     -6.9897761e+01
9.2100000e+00     -7.0249766e+01
9.2200000e+00     -7.0602368e+01
9.2300000e+00     -7.0955566e+01
9.2400000e+00     -7.1309361e+01
9.2500000e+00     -7.1663753e+01
9.2600000e+00     -7.2018741e+01
9.2700000e+00     -7.2374326e+01
9.2800000e+00     -7.2730507e+01
9.2900000e+00     -7.3087285e+01
9.3000000e+00     -7.3444659e+01
9.3100000e+00     -7.3802630e+01
9.3200000e+00     -7.4161197e+01
9.3300000e+00     -7.4520361e+01
9.3400000e+00     -7.4880121e+01
9.3500000e+00     -7.5240477e+01
9.3600000e+00     -7.5601429e+01
9.3700000e+00     -7.5962978e+01
9.3800000e+00     -7.6325123e+01
9.3900000e+00     -7.6687864e+01
9.4000000e+00     -7.7051202e+01
9.4100000e+00     -7.7415135e+01
9.4200000e+00     -7.7779665e+01
9.4300000e+00     -7.8144791e+01
9.4400000e+00     -7.8510512e+01
9.4500000e+00     -7.8876830e+01
9.4600000e+00     -7.9243744e+01
9.4700000e+00     -7.9611253e+01
9.4800000e+00     -7.9979359e+01
9.4900000e+00     -8.0348060e+01
9.5000000e+00     -8.0717357e+01
9.5100000e+00     -8.1087250e+01
9.5200000e+00     -8.1457739e+01
9.5300000e+00     -8.1828823e+01
9.5400000e+00     -8.2200504e+01
9.5500000e+00     -8.2572779e+01
9.5600000e+00     -8.2945651e+01
9.5700000e+00     -8.3319118e+01
9.5800000e+00     -8.3693180e+01
9.5900000e+00     -8.4067838e+01
9.6000000e+00     -8.4443092e+01
9.6100000e+00     -8.4818941e+01
9.6200000e+00     -8.5195385e+01
9.6300000e+00     -8.5572425e+01
9.6400000e+00     -8.5950060e+01
9.6500000e+00     -8.6328291e+01
9.6600000e+00     -8.6707116e+01
9.6700000e+00     -8.7086537e+01
9.6800000e+00     -8.7466553e+01
9.6900000e+00     -8.7847164e+01
9.7000000e+00     -8.8228370e+01
9.7100000e+00     -8.8610172e+01
9.7200000e+00     -8.8992568e+01
9.7300000e+00     -8.9375559e+01
9.7400000e+00     -8.9759146e+01
9.7500000e+00     -9.0143327e+01
9.7600000e+00     -9.0528103e+01
9.7700000e+00     -9.0913474e+01
9.7800000e+00     -9.1299439e+01
9.7900000e+00     -9.1686000e+01
9.8000000e+00     -9.2073155e+01
9.8100000e+00     -9.2460904e+01
9.8200000e+00     -9.2849249e+01
9.8300000e+00     -9.3238188e+01
9.8400000e+00     -9.3627721e+01
9.8500000e+00     -9.4017849e+01
9.8600000e+00     -9.4408572e+01
9.8700000e+00     -9.4799888e+01
9.8800000e+00     -9.5191800e+01
9.8900000e+00     -9.5584305e+01
9.9000000e+00     -9.5977405e+01
9.9100000e+00     -9.6371099e+01
9.9200000e+00     -9.6765387e+01
9.9300000e+00     -9.7160270e+01
9.9400000e+00     -9.7555746e+01
9.9500000e+00     -9.7951817e+01
9.9600000e+00     -9.8348481e+01
9.9700000e+00     -9.8745740e+01
9.9800000e+00     -9.9143592e+01
9.9900000e+00     -9.9542039e+01
1.0000000e+01     -9.9941079e+01
