0 1.258316e-01
1 8.870198e-01
2 7.863714e-01
3 2.856085e-01
4 8.060582e-04
5 7.323931e-01
6 6.194624e-01
7 9.750768e-01
8 8.053996e-01
9 5.899507e-01
10 8.621929e-01
11 7.649588e-01
12 7.134020e-01
13 6.546631e-01
14 1.136815e-01
15 7.708552e-01
16 1.501651e-01
17 6.620214e-01
18 2.423562e-01
19 6.406766e-01
20 7.489262e-01
21 6.466721e-01
22 7.025197e-01
23 4.471835e-01
24 2.627173e-01
25 3.006029e-01
26 4.596160e-01
27 9.789007e-01
28 3.798693e-01
29 3.455386e-01
30 4.624991e-01
31 9.925285e-01
32 5.237654e-01
33 1.346835e-01
34 1.091788e-01
35 2.688724e-01
36 9.832650e-01
37 9.780052e-01
38 4.192855e-01
39 2.011297e-05
40 6.708626e-01
41 8.448870e-02
42 8.644942e-02
43 9.961601e-01
44 5.710426e-01
45 1.914295e-01
46 3.746095e-01
47 9.448534e-01
48 4.794610e-01
49 8.277298e-01
50 3.477996e-02
51 8.831592e-01
52 9.806473e-01
53 1.737922e-01
54 3.469530e-01
55 6.938022e-01
56 1.321418e-01
57 8.390655e-01
58 7.826735e-01
59 7.412342e-01
60 9.587470e-01
61 7.993259e-01
62 8.758247e-02
63 2.932589e-01
64 3.823762e-01
65 7.047101e-01
66 2.032100e-01
67 5.907827e-01
68 4.694769e-01
69 7.873437e-01
70 9.899493e-01
71 9.347583e-01
72 4.592714e-02
73 4.307272e-01
74 2.380358e-01
75 9.486669e-01
76 5.635562e-01
77 8.940732e-01
78 7.231791e-01
79 8.807305e-01
80 1.860126e-01
81 7.613931e-01
82 7.940762e-01
83 9.568703e-01
84 5.574402e-02
85 9.707791e-01
86 8.931213e-02
87 4.826665e-02
88 5.976065e-01
89 1.031232e-01
90 8.432034e-01
91 3.319033e-01
92 7.548399e-02
93 3.161829e-01
94 9.291562e-01
95 8.949717e-01
96 8.417626e-01
97 5.097994e-01
98 3.334081e-01
99 9.513928e-01
100 2.792208e-01
101 1.271653e-01
102 3.830553e-01
103 2.285171e-01
104 1.326045e-01
105 3.269436e-01
106 4.545994e-01
107 2.624594e-01
108 1.427537e-01
109 8.963407e-03
110 4.505758e-01
111 5.702934e-01
112 8.376324e-01
113 5.150295e-01
114 3.929722e-01
115 5.958936e-01
116 2.881254e-01
117 4.445523e-01
118 5.870543e-01
119 7.436057e-01
120 2.162545e-01
121 3.763293e-01
122 9.549545e-01
123 9.008131e-01
124 2.419277e-01
125 8.426246e-01
126 2.514949e-02
127 4.281394e-01
128 2.919595e-01
129 3.950433e-01
130 3.450684e-01
131 3.763925e-01
132 3.705372e-01
133 2.845621e-01
134 6.159828e-01
135 5.249671e-01
136 4.303049e-01
137 1.670602e-01
138 9.416049e-01
139 9.704224e-01
140 9.926784e-01
141 3.730152e-01
142 2.471504e-01
143 3.101530e-01
144 2.779024e-01
145 9.435482e-01
146 1.298381e-01
147 7.388702e-01
148 8.308435e-01
149 6.481875e-01
150 3.138325e-01
151 5.200524e-01
152 2.068397e-01
153 1.416811e-01
154 1.245690e-01
155 6.162770e-01
156 3.048111e-02
157 8.826461e-01
158 2.944228e-01
159 7.076919e-01
160 3.044871e-01
161 2.861502e-01
162 2.421158e-01
163 2.337395e-01
164 9.494993e-01
165 1.914554e-01
166 2.135453e-01
167 4.371567e-01
168 2.503943e-01
169 2.367189e-01
170 2.664317e-01
171 3.939108e-02
172 8.005107e-01
173 3.016594e-01
174 6.630211e-01
175 1.416963e-01
176 1.299888e-01
177 2.299265e-01
178 3.948557e-01
179 1.257093e-01
180 1.438087e-02
181 5.136138e-01
182 9.529247e-02
183 7.613051e-01
184 3.490494e-01
185 2.171486e-01
186 7.460708e-01
187 8.486405e-01
188 8.860231e-01
189 8.563957e-01
190 3.040100e-01
191 5.968177e-01
192 3.334316e-01
193 2.165745e-01
194 5.661638e-01
195 5.354483e-01
196 6.620159e-01
197 6.904952e-01
198 3.629281e-01
199 1.701011e-01
200 6.252822e-01
201 9.132638e-01
202 7.825316e-02
203 3.213540e-01
204 7.345032e-01
205 5.432191e-01
206 8.069560e-01
207 2.637144e-01
208 3.199877e-01
209 5.392931e-01
210 3.869678e-01
211 4.294542e-01
212 1.696891e-02
213 2.757160e-01
214 5.081514e-01
215 7.284449e-01
216 5.273580e-01
217 1.451091e-01
218 9.711354e-01
219 1.406198e-02
220 8.948598e-01
221 7.752542e-01
222 5.246423e-01
223 9.341935e-02
224 6.860562e-01
225 7.335538e-01
226 7.635450e-02
227 2.453439e-02
228 3.676660e-01
229 2.423658e-01
230 1.819072e-01
231 4.910278e-01
232 1.120417e-01
233 3.696285e-01
234 7.536971e-01
235 4.148111e-01
236 1.289488e-01
237 7.996919e-01
238 7.835380e-01
239 9.176871e-01
240 1.198029e-01
241 3.019171e-01
242 3.816084e-01
243 4.233053e-01
244 3.669380e-01
245 5.878439e-01
246 6.425570e-01
247 3.915086e-01
248 4.194121e-01
249 3.356885e-01
250 2.551408e-01
251 5.784495e-01
252 1.070726e-02
253 7.333206e-01
254 5.745532e-01
255 1.392264e-01
256 2.629443e-01
257 1.830506e-01
258 2.299797e-01
259 5.471154e-01
260 9.955642e-01
261 5.744987e-01
262 6.003501e-01
263 5.472782e-01
264 9.905594e-01
265 2.821303e-01
266 4.682875e-01
267 9.362893e-01
268 8.761778e-01
269 3.139386e-01
270 3.686102e-01
271 2.457235e-01
272 2.095537e-01
273 6.251045e-01
274 4.921546e-02
275 6.827991e-01
276 7.770983e-01
277 8.287274e-01
278 7.277289e-01
279 3.587190e-01
280 8.289467e-01
281 4.640084e-01
282 5.790002e-01
283 7.215536e-01
284 2.377055e-01
285 7.153039e-01
286 9.515643e-01
287 6.515640e-01
288 5.676738e-01
289 3.736019e-01
290 9.638839e-01
291 2.096678e-01
292 9.822570e-01
293 7.711902e-01
294 3.549965e-01
295 3.186517e-02
296 3.562179e-01
297 4.217117e-02
298 1.936672e-01
299 7.020128e-01
300 2.558851e-02
301 2.327826e-02
302 4.230024e-01
303 6.211587e-01
304 2.595150e-01
305 3.339995e-01
306 3.245235e-01
307 3.231432e-01
308 8.111525e-01
309 1.007981e-01
310 1.208804e-01
311 4.033703e-01
312 1.632324e-01
313 6.213400e-01
314 8.467748e-01
315 1.612170e-01
316 2.704635e-01
317 2.208210e-01
318 7.534533e-01
319 2.777784e-01
320 4.860217e-01
321 1.190742e-01
322 2.766479e-01
323 8.214406e-01
324 7.916514e-01
325 3.051267e-01
326 5.975218e-01
327 1.966876e-01
328 6.071084e-01
329 9.718438e-01
330 1.206022e-01
331 3.197313e-01
332 8.970729e-02
333 7.794895e-01
334 5.445395e-01
335 9.518074e-01
336 5.315878e-01
337 1.412934e-01
338 3.266383e-01
339 2.717077e-01
340 8.821391e-01
341 4.199171e-01
342 1.594223e-01
343 8.837091e-02
344 5.550549e-01
345 7.201635e-01
346 9.590691e-01
347 6.377796e-01
348 9.113567e-02
349 2.051015e-01
350 8.866021e-01
351 3.723175e-01
352 3.347015e-01
353 1.603244e-01
354 1.115539e-01
355 1.220247e-01
356 1.697358e-02
357 5.103152e-01
358 6.158804e-01
359 2.134005e-01
360 8.257756e-01
361 4.344494e-02
362 7.767118e-03
363 6.907031e-01
364 5.572810e-01
365 1.352177e-01
366 4.583306e-01
367 4.558730e-01
368 3.021673e-04
369 4.458386e-01
370 8.298926e-01
371 5.756733e-01
372 8.290725e-02
373 5.965092e-01
374 3.764468e-01
375 9.884417e-01
376 1.292241e-01
377 6.531344e-01
378 6.220690e-02
379 5.586405e-01
380 2.352952e-02
381 8.360978e-01
382 2.629273e-01
383 6.964691e-01
384 6.796302e-01
385 9.657681e-01
386 4.033199e-02
387 2.940789e-01
388 5.647599e-01
389 9.964205e-01
390 1.689316e-01
391 3.819416e-01
392 5.554929e-01
393 6.028945e-01
394 9.563116e-01
395 9.218351e-01
396 1.134001e-01
397 1.967891e-01
398 6.453398e-01
399 4.105134e-01
400 4.933498e-01
401 2.601696e-01
402 7.854831e-01
403 2.448347e-01
404 3.486231e-01
405 3.081029e-01
406 5.794940e-01
407 9.970637e-03
408 9.136163e-01
409 7.059557e-01
410 4.731883e-01
411 3.029761e-01
412 7.442446e-01
413 5.680021e-01
414 4.850908e-01
415 3.407542e-01
416 4.237281e-01
417 9.108529e-01
418 2.476874e-01
419 2.612116e-01
420 4.208781e-01
421 5.045089e-01
422 9.343456e-01
423 6.867145e-01
424 4.710696e-01
425 5.970608e-01
426 1.102085e-01
427 1.479792e-01
428 6.665318e-02
429 4.343042e-02
430 7.092378e-01
431 3.730630e-01
432 3.516495e-01
433 7.669297e-01
434 3.938885e-01
435 1.295615e-01
436 4.513071e-01
437 8.632769e-01
438 2.925987e-01
439 3.085239e-01
440 8.947457e-01
441 7.241568e-01
442 7.804286e-01
443 6.866142e-01
444 7.508427e-01
445 3.116993e-02
446 5.199928e-01
447 3.699774e-01
448 6.642488e-01
449 3.364389e-01
450 3.166098e-01
451 2.710197e-01
452 4.985807e-01
453 7.041975e-01
454 5.697914e-01
455 2.004272e-01
456 4.441889e-01
457 8.049926e-01
458 7.823828e-01
459 7.643843e-01
460 4.833130e-01
461 2.128954e-01
462 9.815348e-01
463 3.749106e-01
464 1.089424e-01
465 4.204831e-03
466 2.280692e-01
467 3.339138e-01
468 3.264022e-01
469 1.570133e-01
470 6.161914e-02
471 3.040129e-01
472 7.178692e-01
473 5.337777e-01
474 6.202777e-01
475 8.706463e-02
476 7.870492e-01
477 2.384487e-01
478 8.605449e-01
479 6.909330e-01
480 8.196405e-01
481 9.860849e-01
482 3.144629e-01
483 2.632827e-01
484 6.858903e-02
485 4.322103e-01
486 8.874061e-01
487 8.355881e-01
488 5.032771e-01
489 5.730569e-01
490 5.066221e-01
491 5.693053e-01
492 5.285533e-01
493 7.534968e-01
494 8.649954e-01
495 5.880340e-01
496 6.909199e-01
497 1.797625e-01
498 9.074478e-01
499 6.639157e-01
500 2.313744e-01
501 3.174561e-01
502 1.228460e-01
503 2.935183e-01
504 5.316204e-01
505 1.159606e-01
506 6.293213e-01
507 7.287059e-01
508 7.249857e-01
509 6.079140e-01
510 6.757256e-01
511 6.427677e-01
512 5.259396e-01
513 3.222413e-01
514 6.798562e-01
515 5.233138e-01
516 2.712087e-01
517 8.723405e-01
518 6.415445e-01
519 9.436572e-01
520 1.879046e-01
521 5.539829e-01
522 5.152684e-01
523 3.167676e-01
524 5.146971e-01
525 3.425458e-01
526 4.153334e-01
527 9.641910e-01
528 6.338813e-01
529 1.141979e-01
530 8.226713e-01
531 6.109837e-01
532 2.363432e-01
533 5.440769e-01
534 9.348937e-01
535 1.617691e-01
536 4.771769e-01
537 3.544703e-02
538 7.246333e-02
539 6.281284e-01
540 4.044339e-01
541 3.020110e-01
542 4.489161e-01
543 8.099991e-01
544 8.026938e-01
545 2.213484e-01
546 4.102974e-01
547 1.204668e-01
548 2.104764e-01
549 1.768185e-01
550 4.298111e-01
551 2.618541e-01
552 7.977176e-01
553 9.498126e-01
554 1.426908e-01
555 1.794888e-01
556 1.564962e-01
557 9.711963e-01
558 6.611893e-01
559 3.467655e-01
560 8.229245e-01
561 3.129855e-01
562 4.111541e-01
563 3.705124e-01
564 5.467444e-01
565 6.372464e-01
566 7.387267e-02
567 6.892790e-01
568 3.219568e-01
569 6.229814e-01
570 6.467891e-01
571 6.996335e-01
572 9.291311e-01
573 3.831027e-01
574 6.045178e-01
575 5.581912e-01
576 9.884182e-01
577 5.478422e-01
578 5.062630e-02
579 6.317997e-01
580 1.303378e-01
581 2.908683e-02
582 2.073729e-01
583 7.076223e-01
584 3.590112e-02
585 7.587579e-01
586 6.545397e-01
587 6.219555e-01
588 5.334422e-01
589 6.956966e-01
590 1.623877e-01
591 5.552715e-01
592 2.496658e-01
593 1.674379e-01
594 4.834024e-01
595 3.956154e-01
596 1.580236e-01
597 7.192118e-01
598 9.918422e-01
599 9.581386e-01
600 7.378482e-01
601 4.116209e-01
602 9.612105e-01
603 5.208890e-01
604 9.200963e-01
605 2.854246e-01
606 6.228513e-01
607 7.922852e-01
608 9.455815e-01
609 1.070652e-01
610 9.822296e-01
611 6.508937e-01
612 1.728569e-01
613 6.479812e-01
614 9.145528e-01
615 5.207490e-01
616 5.471737e-01
617 5.259627e-01
618 2.782327e-03
619 1.836572e-01
620 2.591084e-01
621 9.550466e-01
622 3.064772e-01
623 9.425122e-01
624 2.894931e-01
625 7.845698e-01
626 1.001202e-01
627 9.860234e-01
628 3.423606e-01
629 6.464813e-01
630 1.385454e-01
631 3.554637e-01
632 7.239689e-01
633 3.269513e-01
634 1.918916e-01
635 2.587413e-01
636 2.259877e-01
637 1.034445e-01
638 1.433357e-01
639 4.375874e-01
640 3.512383e-02
641 4.770845e-01
642 5.130377e-01
643 5.818300e-01
644 2.184564e-01
645 7.333172e-01
646 7.177057e-01
647 2.531424e-01
648 8.503127e-01
649 9.817279e-02
650 6.519116e-03
651 6.724765e-01
652 3.575230e-01
653 9.550616e-01
654 8.435506e-01
655 9.243954e-01
656 9.983487e-01
657 9.458690e-01
658 5.000962e-01
659 4.121380e-01
660 4.674265e-01
661 6.136140e-01
662 9.464251e-01
663 6.745004e-01
664 6.739575e-01
665 1.312096e-01
666 4.134564e-01
667 2.551829e-01
668 5.904921e-01
669 1.966302e-01
670 5.559503e-01
671 1.434130e-01
672 3.605059e-01
673 2.194153e-01
674 2.683021e-01
675 2.183208e-01
676 3.081895e-01
677 8.528842e-01
678 3.633741e-01
679 1.062642e-01
680 1.652113e-01
681 8.823110e-01
682 4.585819e-01
683 2.682347e-01
684 3.465737e-01
685 6.188425e-01
686 1.593469e-01
687 9.824060e-01
688 9.290444e-01
689 6.949732e-01
690 5.788717e-01
691 7.424208e-02
692 6.471698e-01
693 4.484168e-01
694 1.789209e-01
695 8.133856e-01
696 5.877964e-01
697 6.213124e-01
698 1.059769e-01
699 7.734770e-01
700 7.767448e-01
701 6.106221e-01
702 5.809770e-01
703 7.093860e-01
704 7.812895e-01
705 9.686515e-01
706 3.821539e-01
707 6.079984e-01
708 1.480428e-01
709 7.708447e-01
710 1.457266e-01
711 1.162184e-01
712 6.344669e-01
713 1.079590e-01
714 6.579130e-01
715 3.639436e-02
716 2.844366e-02
717 6.036515e-01
718 7.866341e-01
719 6.387338e-01
720 9.671071e-01
721 5.425360e-02
722 4.181904e-01
723 1.968659e-01
724 7.246362e-01
725 9.854686e-02
726 1.420475e-01
727 5.715648e-01
728 9.281651e-01
729 8.079088e-02
730 3.377431e-01
731 4.044380e-01
732 6.487809e-01
733 8.148126e-01
734 3.370237e-01
735 7.343955e-01
736 1.962486e-01
737 9.010013e-01
738 9.899444e-01
739 7.018595e-01
740 1.952705e-01
741 2.175405e-01
742 9.872764e-01
743 6.864975e-01
744 4.394998e-01
745 5.937451e-01
746 8.677255e-01
747 3.519182e-01
748 4.870783e-01
749 8.841952e-01
750 6.548737e-01
751 9.040578e-01
752 6.861563e-01
753 3.703042e-01
754 3.662290e-01
755 5.583102e-01
756 8.681756e-02
757 8.095209e-01
758 2.592542e-01
759 4.386492e-02
760 6.213254e-01
761 4.856316e-01
762 1.238140e-01
763 6.328680e-01
764 7.100183e-01
765 2.563318e-01
766 3.973294e-01
767 9.882082e-01
768 5.960127e-01
769 8.173070e-02
770 5.213664e-01
771 2.888661e-01
772 8.267602e-01
773 6.007043e-01
774 1.328818e-01
775 9.683833e-01
776 3.112049e-01
777 5.176385e-01
778 1.994448e-01
779 7.332838e-01
780 7.926838e-01
781 4.023128e-01
782 5.781663e-01
783 6.979872e-01
784 7.228124e-01
785 7.883374e-01
786 1.686093e-01
787 7.553248e-01
788 8.115335e-01
789 4.941302e-01
790 5.095660e-01
791 1.122248e-01
792 7.025376e-01
793 9.640239e-01
794 4.603501e-01
795 6.415026e-02
796 5.987712e-01
797 2.304395e-01
798 3.343504e-01
799 5.737559e-03
800 3.852405e-01
801 1.915118e-01
802 2.943562e-01
803 7.157023e-01
804 8.942907e-02
805 1.580790e-01
806 9.570276e-01
807 5.890052e-01
808 9.351324e-01
809 6.911497e-01
810 4.224320e-01
811 5.866547e-01
812 9.132563e-01
813 2.830713e-01
814 4.814784e-01
815 7.421583e-01
816 6.711363e-01
817 3.554863e-01
818 6.501909e-01
819 5.029443e-01
820 6.463435e-01
821 7.932624e-01
822 2.290058e-01
823 5.350804e-01
824 1.060081e-01
825 1.001387e-02
826 5.347263e-01
827 8.109980e-01
828 4.079557e-02
829 5.673228e-01
830 2.526278e-01
831 4.039683e-01
832 4.743254e-01
833 1.316781e-01
834 9.097782e-01
835 8.916880e-01
836 5.326524e-01
837 5.144145e-02
838 3.843878e-01
839 2.270542e-01
840 7.512020e-01
841 8.374375e-01
842 1.994875e-01
843 3.602078e-01
844 3.331432e-01
845 1.172669e-01
846 8.651502e-01
847 4.259872e-01
848 9.966005e-01
849 2.530127e-01
850 4.476465e-01
851 4.694788e-01
852 3.194908e-01
853 3.281292e-01
854 7.752972e-01
855 1.344077e-01
856 9.936817e-02
857 9.510635e-01
858 6.114274e-01
859 5.403602e-01
860 7.588656e-01
861 6.353010e-01
862 8.099360e-01
863 4.215382e-01
864 6.406322e-01
865 8.385916e-03
866 9.468895e-01
867 7.884850e-02
868 6.227223e-01
869 9.020340e-01
870 4.236698e-01
871 5.361532e-01
872 6.479465e-01
873 3.733214e-01
874 2.481368e-01
875 6.086171e-01
876 8.786347e-01
877 8.103319e-01
878 7.685185e-03
879 1.450801e-01
880 4.695914e-01
881 6.574218e-01
882 2.928168e-01
883 1.466624e-01
884 6.828768e-01
885 6.439001e-01
886 5.558500e-01
887 5.804209e-01
888 8.626838e-01
889 1.695171e-01
890 9.372357e-02
891 6.804835e-01
892 8.393810e-01
893 1.604358e-01
894 2.267126e-01
895 1.809752e-01
896 6.592646e-01
897 9.956820e-01
898 4.595863e-01
899 9.671399e-01
900 2.393387e-01
901 2.674012e-01
902 3.147392e-01
903 9.158837e-01
904 5.128788e-02
905 1.952011e-01
906 9.276967e-01
907 4.676936e-01
908 2.505876e-01
909 4.976492e-01
910 4.068206e-01
911 6.122980e-01
912 6.184425e-01
913 7.304829e-01
914 3.468480e-01
915 2.549565e-01
916 1.870675e-01
917 3.447434e-01
918 9.190252e-01
919 2.739269e-01
920 7.119970e-01
921 5.779737e-01
922 2.611281e-01
923 2.881296e-01
924 5.600647e-02
925 3.625483e-01
926 7.837699e-01
927 1.735918e-01
928 7.033645e-01
929 5.774773e-01
930 7.734317e-01
931 5.348316e-01
932 7.541307e-01
933 5.596338e-01
934 7.890269e-01
935 6.304686e-01
936 9.078440e-01
937 9.688820e-01
938 7.521238e-01
939 3.918124e-02
940 7.640792e-01
941 2.627146e-02
942 9.588793e-01
943 6.414794e-01
944 7.019992e-01
945 2.381561e-01
946 8.510967e-02
947 1.840105e-01
948 1.883310e-01
949 9.202718e-01
950 4.086828e-01
951 8.263369e-01
952 4.673985e-01
953 8.485656e-01
954 1.826355e-01
955 7.595044e-02
956 6.503413e-01
957 9.076422e-01
958 3.082870e-01
959 4.670343e-01
960 5.139424e-01
961 6.684272e-01
962 8.346441e-02
963 1.940445e-01
964 1.912097e-01
965 9.050177e-01
966 9.432164e-01
967 7.751113e-01
968 6.276675e-02
969 4.233068e-01
970 3.286432e-01
971 1.857096e-01
972 7.950937e-01
973 5.030481e-01
974 3.764027e-01
975 9.038179e-01
976 7.017148e-01
977 2.984262e-01
978 2.328946e-01
979 9.682779e-01
980 5.877057e-01
981 7.633961e-01
982 8.820095e-01
983 6.373330e-01
984 4.656313e-01
985 8.961427e-01
986 3.057415e-01
987 1.000178e-01
988 6.962103e-02
989 1.767329e-01
990 1.480837e-01
991 1.354898e-01
992 8.392387e-01
993 1.137179e-01
994 3.527887e-01
995 7.214455e-01
996 9.697535e-01
997 4.450903e-01
998 2.262130e-01
999 5.899913e-01


4 2.154085e-01 2.308062e-01
8 6.432934e-02 9.332330e-02
16 1.149670e-01 9.719490e-02
32 4.914846e-03 6.898347e-03
64 2.491937e-02 1.980157e-02
128 2.141260e-02 4.666643e-02
256 1.236165e-02 1.434236e-02
512 3.156452e-03 2.170684e-03
1024 2.348430e-03 5.042026e-03
2048 1.321270e-02 1.339462e-02
4096 3.040615e-03 2.105684e-03
8192 1.900704e-03 1.410808e-03
16384 2.356987e-03 2.281458e-03
32768 8.729683e-04 1.256668e-03
65536 1.120722e-03 1.214002e-03
131072 4.697948e-05 2.152599e-04
262144 3.262601e-04 3.746307e-04
524288 3.603004e-04 3.475487e-04
