1.0000000000e+01  -8.5004757626e+08
1.0037500000e+01  -8.4788742531e+08
1.0075000000e+01  -8.4572727436e+08
1.0112500000e+01  -8.4356712341e+08
1.0150000000e+01  -8.4140697246e+08
1.0187500000e+01  -8.3924682151e+08
1.0225000000e+01  -8.3708667056e+08
1.0262500000e+01  -8.3492651962e+08
1.0300000000e+01  -8.3276636867e+08
1.0337500000e+01  -8.3060621772e+08
1.0375000000e+01  -8.2844606677e+08
1.0412500000e+01  -8.2628591582e+08
1.0450000000e+01  -8.2412576487e+08
1.0487500000e+01  -8.2196561392e+08
1.0525000000e+01  -8.1980546297e+08
1.0562500000e+01  -8.1764531203e+08
1.0600000000e+01  -8.1548516108e+08
1.0637500000e+01  -8.1332501013e+08
1.0675000000e+01  -8.1116485918e+08
1.0712500000e+01  -8.0900470823e+08
1.0750000000e+01  -8.0684455728e+08
1.0787500000e+01  -8.0468440633e+08
1.0825000000e+01  -8.0252425538e+08
1.0862500000e+01  -8.0036410444e+08
1.0900000000e+01  -7.9820395349e+08
1.0937500000e+01  -7.9604380254e+08
1.0975000000e+01  -7.9388365159e+08
1.1012500000e+01  -7.9172350064e+08
1.1050000000e+01  -7.8956334969e+08
1.1087500000e+01  -7.8740319874e+08
1.1125000000e+01  -7.8524304779e+08
1.1162500000e+01  -7.8308289685e+08
1.1200000000e+01  -7.8092274590e+08
1.1237500000e+01  -7.7876259495e+08
1.1275000000e+01  -7.7660244400e+08
1.1312500000e+01  -7.7444229305e+08
1.1350000000e+01  -7.7228214210e+08
1.1387500000e+01  -7.7012199115e+08
1.1425000000e+01  -7.6796184020e+08
1.1462500000e+01  -7.6580168926e+08
1.1500000000e+01  -7.6364153831e+08
1.1537500000e+01  -7.6148138736e+08
1.1575000000e+01  -7.5932123641e+08
1.1612500000e+01  -7.5716108546e+08
1.1650000000e+01  -7.5500093451e+08
1.1687500000e+01  -7.5284078356e+08
1.1725000000e+01  -7.5068063261e+08
1.1762500000e+01  -7.4852048167e+08
1.1800000000e+01  -7.4636033072e+08
1.1837500000e+01  -7.4420017977e+08
1.1875000000e+01  -7.4204002882e+08
1.1912500000e+01  -7.3987987787e+08
1.1950000000e+01  -7.3771972692e+08
1.1987500000e+01  -7.3555957597e+08
1.2025000000e+01  -7.3339942503e+08
1.2062500000e+01  -7.3123927408e+08
1.2100000000e+01  -7.2907912313e+08
1.2137500000e+01  -7.2691897218e+08
1.2175000000e+01  -7.2475882123e+08
1.2212500000e+01  -7.2259867028e+08
1.2250000000e+01  -7.2043851933e+08
1.2287500000e+01  -7.1827836838e+08
1.2325000000e+01  -7.1611821744e+08
1.2362500000e+01  -7.1395806649e+08
1.2400000000e+01  -7.1179791554e+08
1.2437500000e+01  -7.0963776459e+08
1.2475000000e+01  -7.0747761364e+08
1.2512500000e+01  -7.0531746269e+08
1.2550000000e+01  -7.0315731174e+08
1.2587500000e+01  -7.0099716079e+08
1.2625000000e+01  -6.9883700985e+08
1.2662500000e+01  -6.9667685890e+08
1.2700000000e+01  -6.9451670795e+08
1.2737500000e+01  -6.9235655700e+08
1.2775000000e+01  -6.9019640605e+08
1.2812500000e+01  -6.8803625510e+08
1.2850000000e+01  -6.8587610415e+08
1.2887500000e+01  -6.8371595320e+08
1.2925000000e+01  -6.8155580226e+08
1.2962500000e+01  -6.7939565131e+08
1.3000000000e+01  -6.7723550036e+08
1.3037500000e+01  -6.7507534941e+08
1.3075000000e+01  -6.7291519846e+08
1.3112500000e+01  -6.7075504751e+08
1.3150000000e+01  -6.6859489656e+08
1.3187500000e+01  -6.6643474561e+08
1.3225000000e+01  -6.6427459467e+08
1.3262500000e+01  -6.6211444372e+08
1.3300000000e+01  -6.5995429277e+08
1.3337500000e+01  -6.5779414182e+08
1.3375000000e+01  -6.5563399087e+08
1.3412500000e+01  -6.5347383992e+08
1.3450000000e+01  -6.5131368897e+08
1.3487500000e+01  -6.4915353802e+08
1.3525000000e+01  -6.4699338708e+08
1.3562500000e+01  -6.4483323613e+08
1.3600000000e+01  -6.4267308518e+08
1.3637500000e+01  -6.4051293423e+08
1.3675000000e+01  -6.3835278328e+08
1.3712500000e+01  -6.3619263233e+08
1.3750000000e+01  -6.3403248138e+08
1.3787500000e+01  -6.3187233043e+08
1.3825000000e+01  -6.2971217949e+08
1.3862500000e+01  -6.2755202854e+08
1.3900000000e+01  -6.2539187759e+08
1.3937500000e+01  -6.2323172664e+08
1.3975000000e+01  -6.2107157569e+08
1.4012500000e+01  -6.1891142474e+08
1.4050000000e+01  -6.1675127379e+08
1.4087500000e+01  -6.1459112284e+08
1.4125000000e+01  -6.1243097190e+08
1.4162500000e+01  -6.1027082095e+08
1.4200000000e+01  -6.0811067000e+08
1.4237500000e+01  -6.0595051905e+08
1.4275000000e+01  -6.0379036810e+08
1.4312500000e+01  -6.0163021715e+08
1.4350000000e+01  -5.9947006620e+08
1.4387500000e+01  -5.9730991525e+08
1.4425000000e+01  -5.9514976431e+08
1.4462500000e+01  -5.9298961336e+08
1.4500000000e+01  -5.9082946241e+08
1.4537500000e+01  -5.8866931146e+08
1.4575000000e+01  -5.8650916051e+08
1.4612500000e+01  -5.8434900956e+08
1.4650000000e+01  -5.8218885861e+08
1.4687500000e+01  -5.8002870767e+08
1.4725000000e+01  -5.7786855672e+08
1.4762500000e+01  -5.7570840577e+08
1.4800000000e+01  -5.7354825482e+08
1.4837500000e+01  -5.7138810387e+08
1.4875000000e+01  -5.6922795292e+08
1.4912500000e+01  -5.6706780197e+08
1.4950000000e+01  -5.6490765102e+08
1.4987500000e+01  -5.6274750008e+08
1.5025000000e+01  -5.6058734913e+08
1.5062500000e+01  -5.5842719818e+08
1.5100000000e+01  -5.5626704723e+08
1.5137500000e+01  -5.5410689628e+08
1.5175000000e+01  -5.5194674533e+08
1.5212500000e+01  -5.4978659438e+08
1.5250000000e+01  -5.4762644343e+08
1.5287500000e+01  -5.4546629249e+08
1.5325000000e+01  -5.4330614154e+08
1.5362500000e+01  -5.4114599059e+08
1.5400000000e+01  -5.3898583964e+08
1.5437500000e+01  -5.3682568869e+08
1.5475000000e+01  -5.3466553774e+08
1.5512500000e+01  -5.3250538679e+08
1.5550000000e+01  -5.3034523584e+08
1.5587500000e+01  -5.2818508490e+08
1.5625000000e+01  -5.2602493395e+08
1.5662500000e+01  -5.2386478300e+08
1.5700000000e+01  -5.2170463205e+08
1.5737500000e+01  -5.1954448110e+08
1.5775000000e+01  -5.1738433015e+08
1.5812500000e+01  -5.1522417920e+08
1.5850000000e+01  -5.1306402825e+08
1.5887500000e+01  -5.1090387731e+08
1.5925000000e+01  -5.0874372636e+08
1.5962500000e+01  -5.0658357541e+08
1.6000000000e+01  -5.0442342446e+08
1.6037500000e+01  -5.0226327351e+08
1.6075000000e+01  -5.0010312256e+08
1.6112500000e+01  -4.9794297161e+08
1.6150000000e+01  -4.9578282066e+08
1.6187500000e+01  -4.9362266972e+08
1.6225000000e+01  -4.9146251877e+08
1.6262500000e+01  -4.8930236782e+08
1.6300000000e+01  -4.8714221687e+08
1.6337500000e+01  -4.8498206592e+08
1.6375000000e+01  -4.8282191497e+08
1.6412500000e+01  -4.8066176402e+08
1.6450000000e+01  -4.7850161307e+08
1.6487500000e+01  -4.7634146213e+08
1.6525000000e+01  -4.7418131118e+08
1.6562500000e+01  -4.7202116023e+08
1.6600000000e+01  -4.6986100928e+08
1.6637500000e+01  -4.6770085833e+08
1.6675000000e+01  -4.6554070738e+08
1.6712500000e+01  -4.6338055643e+08
1.6750000000e+01  -4.6122040548e+08
1.6787500000e+01  -4.5906025454e+08
1.6825000000e+01  -4.5690010359e+08
1.6862500000e+01  -4.5473995264e+08
1.6900000000e+01  -4.5257980169e+08
1.6937500000e+01  -4.5041965074e+08
1.6975000000e+01  -4.4825949979e+08
1.7012500000e+01  -4.4609934884e+08
1.7050000000e+01  -4.4393919789e+08
1.7087500000e+01  -4.4177904695e+08
1.7125000000e+01  -4.3961889600e+08
1.7162500000e+01  -4.3745874505e+08
1.7200000000e+01  -4.3529859410e+08
1.7237500000e+01  -4.3313844315e+08
1.7275000000e+01  -4.3097829220e+08
1.7312500000e+01  -4.2881814125e+08
1.7350000000e+01  -4.2665799031e+08
1.7387500000e+01  -4.2449783936e+08
1.7425000000e+01  -4.2233768841e+08
1.7462500000e+01  -4.2017753746e+08
1.7500000000e+01  -4.1801738651e+08
1.7537500000e+01  -4.1585723556e+08
1.7575000000e+01  -4.1369708461e+08
1.7612500000e+01  -4.1153693366e+08
1.7650000000e+01  -4.0937678272e+08
1.7687500000e+01  -4.0721663177e+08
1.7725000000e+01  -4.0505648082e+08
1.7762500000e+01  -4.0289632987e+08
1.7800000000e+01  -4.0073617892e+08
1.7837500000e+01  -3.9857602797e+08
1.7875000000e+01  -3.9641587702e+08
1.7912500000e+01  -3.9425572607e+08
1.7950000000e+01  -3.9209557513e+08
1.7987500000e+01  -3.8993542418e+08
1.8025000000e+01  -3.8777527323e+08
1.8062500000e+01  -3.8561512228e+08
1.8100000000e+01  -3.8345497133e+08
1.8137500000e+01  -3.8129482038e+08
1.8175000000e+01  -3.7913466943e+08
1.8212500000e+01  -3.7697451848e+08
1.8250000000e+01  -3.7481436754e+08
1.8287500000e+01  -3.7265421659e+08
1.8325000000e+01  -3.7049406564e+08
1.8362500000e+01  -3.6833391469e+08
1.8400000000e+01  -3.6617376374e+08
1.8437500000e+01  -3.6401361279e+08
1.8475000000e+01  -3.6185346184e+08
1.8512500000e+01  -3.5969331089e+08
1.8550000000e+01  -3.5753315995e+08
1.8587500000e+01  -3.5537300900e+08
1.8625000000e+01  -3.5321285805e+08
1.8662500000e+01  -3.5105270710e+08
1.8700000000e+01  -3.4889255615e+08
1.8737500000e+01  -3.4673240520e+08
1.8775000000e+01  -3.4457225425e+08
1.8812500000e+01  -3.4241210330e+08
1.8850000000e+01  -3.4025195236e+08
1.8887500000e+01  -3.3809180141e+08
1.8925000000e+01  -3.3593165046e+08
1.8962500000e+01  -3.3377149951e+08
1.9000000000e+01  -3.3161134856e+08
1.9037500000e+01  -3.2945119761e+08
1.9075000000e+01  -3.2729104666e+08
1.9112500000e+01  -3.2513089571e+08
1.9150000000e+01  -3.2297074477e+08
1.9187500000e+01  -3.2081059382e+08
1.9225000000e+01  -3.1865044287e+08
1.9262500000e+01  -3.1649029192e+08
1.9300000000e+01  -3.1433014097e+08
1.9337500000e+01  -3.1216999002e+08
1.9375000000e+01  -3.1000983907e+08
1.9412500000e+01  -3.0784968812e+08
1.9450000000e+01  -3.0568953718e+08
1.9487500000e+01  -3.0352938623e+08
1.9525000000e+01  -3.0136923528e+08
1.9562500000e+01  -2.9920908433e+08
1.9600000000e+01  -2.9704893338e+08
1.9637500000e+01  -2.9488878243e+08
1.9675000000e+01  -2.9272863148e+08
1.9712500000e+01  -2.9056848053e+08
1.9750000000e+01  -2.8840832959e+08
1.9787500000e+01  -2.8624817864e+08
1.9825000000e+01  -2.8408802769e+08
1.9862500000e+01  -2.8192787674e+08
1.9900000000e+01  -2.7976772579e+08
1.9937500000e+01  -2.7760757484e+08
1.9975000000e+01  -2.7544742389e+08
2.0012500000e+01  -2.7328727295e+08
2.0050000000e+01  -2.7112712200e+08
2.0087500000e+01  -2.6896697105e+08
2.0125000000e+01  -2.6680682010e+08
2.0162500000e+01  -2.6464666915e+08
2.0200000000e+01  -2.6248651820e+08
2.0237500000e+01  -2.6032636725e+08
2.0275000000e+01  -2.5816621630e+08
2.0312500000e+01  -2.5600606536e+08
2.0350000000e+01  -2.5384591441e+08
2.0387500000e+01  -2.5168576346e+08
2.0425000000e+01  -2.4952561251e+08
2.0462500000e+01  -2.4736546156e+08
2.0500000000e+01  -2.4520531061e+08
2.0537500000e+01  -2.4304515966e+08
2.0575000000e+01  -2.4088500871e+08
2.0612500000e+01  -2.3872485777e+08
2.0650000000e+01  -2.3656470682e+08
2.0687500000e+01  -2.3440455587e+08
2.0725000000e+01  -2.3224440492e+08
2.0762500000e+01  -2.3008425397e+08
2.0800000000e+01  -2.2792410302e+08
2.0837500000e+01  -2.2576395207e+08
2.0875000000e+01  -2.2360380112e+08
2.0912500000e+01  -2.2144365018e+08
2.0950000000e+01  -2.1928349923e+08
2.0987500000e+01  -2.1712334828e+08
2.1025000000e+01  -2.1496319733e+08
2.1062500000e+01  -2.1280304638e+08
2.1100000000e+01  -2.1064289543e+08
2.1137500000e+01  -2.0848274448e+08
2.1175000000e+01  -2.0632259353e+08
2.1212500000e+01  -2.0416244259e+08
2.1250000000e+01  -2.0200229164e+08
2.1287500000e+01  -1.9984214069e+08
2.1325000000e+01  -1.9768198974e+08
2.1362500000e+01  -1.9552183879e+08
2.1400000000e+01  -1.9336168784e+08
2.1437500000e+01  -1.9120153689e+08
2.1475000000e+01  -1.8904138594e+08
2.1512500000e+01  -1.8688123500e+08
2.1550000000e+01  -1.8472108405e+08
2.1587500000e+01  -1.8256093310e+08
2.1625000000e+01  -1.8040078215e+08
2.1662500000e+01  -1.7824063120e+08
2.1700000000e+01  -1.7608048025e+08
2.1737500000e+01  -1.7392032930e+08
2.1775000000e+01  -1.7176017835e+08
2.1812500000e+01  -1.6960002741e+08
2.1850000000e+01  -1.6743987646e+08
2.1887500000e+01  -1.6527972551e+08
2.1925000000e+01  -1.6311957456e+08
2.1962500000e+01  -1.6095942361e+08
2.2000000000e+01  -1.5879927266e+08
2.2037500000e+01  -1.5663912171e+08
2.2075000000e+01  -1.5447897076e+08
2.2112500000e+01  -1.5231881982e+08
2.2150000000e+01  -1.5015866887e+08
2.2187500000e+01  -1.4799851792e+08
2.2225000000e+01  -1.4583836697e+08
2.2262500000e+01  -1.4367821602e+08
2.2300000000e+01  -1.4151806507e+08
2.2337500000e+01  -1.3935791412e+08
2.2375000000e+01  -1.3719776317e+08
2.2412500000e+01  -1.3503761223e+08
2.2450000000e+01  -1.3287746128e+08
2.2487500000e+01  -1.3071731033e+08
2.2525000000e+01  -1.2855715938e+08
2.2562500000e+01  -1.2639700843e+08
2.2600000000e+01  -1.2423685748e+08
2.2637500000e+01  -1.2207670653e+08
2.2675000000e+01  -1.1991655559e+08
2.2712500000e+01  -1.1775640464e+08
2.2750000000e+01  -1.1559625369e+08
2.2787500000e+01  -1.1343610274e+08
2.2825000000e+01  -1.1127595179e+08
2.2862500000e+01  -1.0911580084e+08
2.2900000000e+01  -1.0695564989e+08
2.2937500000e+01  -1.0479549894e+08
2.2975000000e+01  -1.0263534800e+08
2.3012500000e+01  -1.0047519705e+08
2.3050000000e+01  -9.8315046098e+07
2.3087500000e+01  -9.6154895149e+07
2.3125000000e+01  -9.3994744200e+07
2.3162500000e+01  -9.1834593252e+07
2.3200000000e+01  -8.9674442303e+07
2.3237500000e+01  -8.7514291354e+07
2.3275000000e+01  -8.5354140405e+07
2.3312500000e+01  -8.3193989457e+07
2.3350000000e+01  -8.1033838508e+07
2.3387500000e+01  -7.8873687559e+07
2.3425000000e+01  -7.6713536610e+07
2.3462500000e+01  -7.4553385662e+07
2.3500000000e+01  -7.2393234713e+07
2.3537500000e+01  -7.0233083764e+07
2.3575000000e+01  -6.8072932815e+07
2.3612500000e+01  -6.5912781867e+07
2.3650000000e+01  -6.3752630918e+07
2.3687500000e+01  -6.1592479969e+07
2.3725000000e+01  -5.9432329021e+07
2.3762500000e+01  -5.7272178072e+07
2.3800000000e+01  -5.5112027123e+07
2.3837500000e+01  -5.2951876174e+07
2.3875000000e+01  -5.0791725226e+07
2.3912500000e+01  -4.8631574277e+07
2.3950000000e+01  -4.6471423328e+07
2.3987500000e+01  -4.4311272379e+07
2.4025000000e+01  -4.2151121431e+07
2.4062500000e+01  -3.9990970482e+07
2.4100000000e+01  -3.7830819533e+07
2.4137500000e+01  -3.5670668585e+07
2.4175000000e+01  -3.3510517636e+07
2.4212500000e+01  -3.1350366687e+07
2.4250000000e+01  -2.9190215738e+07
2.4287500000e+01  -2.7030064790e+07
2.4325000000e+01  -2.4869913841e+07
2.4362500000e+01  -2.2709762892e+07
2.4400000000e+01  -2.0549611943e+07
2.4437500000e+01  -1.8389460995e+07
2.4475000000e+01  -1.6229310046e+07
2.4512500000e+01  -1.4069159097e+07
2.4550000000e+01  -1.1909008148e+07
2.4587500000e+01  -9.7488571997e+06
2.4625000000e+01  -7.5887062510e+06
2.4662500000e+01  -5.4285553023e+06
2.4700000000e+01  -3.2684043535e+06
2.4737500000e+01  -1.1082534048e+06
2.4775000000e+01  1.0518975439e+06
2.4812500000e+01  3.2120484927e+06
2.4850000000e+01  5.3721994414e+06
2.4887500000e+01  7.5323503901e+06
2.4925000000e+01  9.6925013389e+06
2.4962500000e+01  1.1852652288e+07
2.5000000000e+01  1.4012803236e+07
2.5037500000e+01  1.6172954185e+07
2.5075000000e+01  1.8333105134e+07
2.5112500000e+01  2.0493256083e+07
2.5150000000e+01  2.2653407031e+07
2.5187500000e+01  2.4813557980e+07
2.5225000000e+01  2.6973708929e+07
2.5262500000e+01  2.9133859877e+07
2.5300000000e+01  3.1294010826e+07
2.5337500000e+01  3.3454161775e+07
2.5375000000e+01  3.5614312724e+07
2.5412500000e+01  3.7774463672e+07
2.5450000000e+01  3.9934614621e+07
2.5487500000e+01  4.2094765570e+07
2.5525000000e+01  4.4254916519e+07
2.5562500000e+01  4.6415067467e+07
2.5600000000e+01  4.8575218416e+07
2.5637500000e+01  5.0735369365e+07
2.5675000000e+01  5.2895520314e+07
2.5712500000e+01  5.5055671262e+07
2.5750000000e+01  5.7215822211e+07
2.5787500000e+01  5.9375973160e+07
2.5825000000e+01  6.1536124108e+07
2.5862500000e+01  6.3696275057e+07
2.5900000000e+01  6.5856426006e+07
2.5937500000e+01  6.8016576955e+07
2.5975000000e+01  7.0176727903e+07
2.6012500000e+01  7.2336878852e+07
2.6050000000e+01  7.4497029801e+07
2.6087500000e+01  7.6657180750e+07
2.6125000000e+01  7.8817331698e+07
2.6162500000e+01  8.0977482647e+07
2.6200000000e+01  8.3137633596e+07
2.6237500000e+01  8.5297784545e+07
2.6275000000e+01  8.7457935493e+07
2.6312500000e+01  8.9618086442e+07
2.6350000000e+01  9.1778237391e+07
2.6387500000e+01  9.3938388339e+07
2.6425000000e+01  9.6098539288e+07
2.6462500000e+01  9.8258690237e+07
2.6500000000e+01  1.0041884119e+08
2.6537500000e+01  1.0257899213e+08
2.6575000000e+01  1.0473914308e+08
2.6612500000e+01  1.0689929403e+08
2.6650000000e+01  1.0905944498e+08
2.6687500000e+01  1.1121959593e+08
2.6725000000e+01  1.1337974688e+08
2.6762500000e+01  1.1553989783e+08
2.6800000000e+01  1.1770004878e+08
2.6837500000e+01  1.1986019972e+08
2.6875000000e+01  1.2202035067e+08
2.6912500000e+01  1.2418050162e+08
2.6950000000e+01  1.2634065257e+08
2.6987500000e+01  1.2850080352e+08
2.7025000000e+01  1.3066095447e+08
2.7062500000e+01  1.3282110542e+08
2.7100000000e+01  1.3498125637e+08
2.7137500000e+01  1.3714140731e+08
2.7175000000e+01  1.3930155826e+08
2.7212500000e+01  1.4146170921e+08
2.7250000000e+01  1.4362186016e+08
2.7287500000e+01  1.4578201111e+08
2.7325000000e+01  1.4794216206e+08
2.7362500000e+01  1.5010231301e+08
2.7400000000e+01  1.5226246396e+08
2.7437500000e+01  1.5442261490e+08
2.7475000000e+01  1.5658276585e+08
2.7512500000e+01  1.5874291680e+08
2.7550000000e+01  1.6090306775e+08
2.7587500000e+01  1.6306321870e+08
2.7625000000e+01  1.6522336965e+08
2.7662500000e+01  1.6738352060e+08
2.7700000000e+01  1.6954367155e+08
2.7737500000e+01  1.7170382249e+08
2.7775000000e+01  1.7386397344e+08
2.7812500000e+01  1.7602412439e+08
2.7850000000e+01  1.7818427534e+08
2.7887500000e+01  1.8034442629e+08
2.7925000000e+01  1.8250457724e+08
2.7962500000e+01  1.8466472819e+08
2.8000000000e+01  1.8682487913e+08
2.8037500000e+01  1.8898503008e+08
2.8075000000e+01  1.9114518103e+08
2.8112500000e+01  1.9330533198e+08
2.8150000000e+01  1.9546548293e+08
2.8187500000e+01  1.9762563388e+08
2.8225000000e+01  1.9978578483e+08
2.8262500000e+01  2.0194593578e+08
2.8300000000e+01  2.0410608672e+08
2.8337500000e+01  2.0626623767e+08
2.8375000000e+01  2.0842638862e+08
2.8412500000e+01  2.1058653957e+08
2.8450000000e+01  2.1274669052e+08
2.8487500000e+01  2.1490684147e+08
2.8525000000e+01  2.1706699242e+08
2.8562500000e+01  2.1922714337e+08
2.8600000000e+01  2.2138729431e+08
2.8637500000e+01  2.2354744526e+08
2.8675000000e+01  2.2570759621e+08
2.8712500000e+01  2.2786774716e+08
2.8750000000e+01  2.3002789811e+08
2.8787500000e+01  2.3218804906e+08
2.8825000000e+01  2.3434820001e+08
2.8862500000e+01  2.3650835096e+08
2.8900000000e+01  2.3866850190e+08
2.8937500000e+01  2.4082865285e+08
2.8975000000e+01  2.4298880380e+08
2.9012500000e+01  2.4514895475e+08
2.9050000000e+01  2.4730910570e+08
2.9087500000e+01  2.4946925665e+08
2.9125000000e+01  2.5162940760e+08
2.9162500000e+01  2.5378955855e+08
2.9200000000e+01  2.5594970949e+08
2.9237500000e+01  2.5810986044e+08
2.9275000000e+01  2.6027001139e+08
2.9312500000e+01  2.6243016234e+08
2.9350000000e+01  2.6459031329e+08
2.9387500000e+01  2.6675046424e+08
2.9425000000e+01  2.6891061519e+08
2.9462500000e+01  2.7107076614e+08
2.9500000000e+01  2.7323091708e+08
2.9537500000e+01  2.7539106803e+08
2.9575000000e+01  2.7755121898e+08
2.9612500000e+01  2.7971136993e+08
2.9650000000e+01  2.8187152088e+08
2.9687500000e+01  2.8403167183e+08
2.9725000000e+01  2.8619182278e+08
2.9762500000e+01  2.8835197373e+08
2.9800000000e+01  2.9051212467e+08
2.9837500000e+01  2.9267227562e+08
2.9875000000e+01  2.9483242657e+08
2.9912500000e+01  2.9699257752e+08
2.9950000000e+01  2.9915272847e+08
2.9987500000e+01  3.0131287942e+08
3.0025000000e+01  3.0347303037e+08
3.0062500000e+01  3.0563318132e+08
3.0100000000e+01  3.0779333226e+08
3.0137500000e+01  3.0995348321e+08
3.0175000000e+01  3.1211363416e+08
3.0212500000e+01  3.1427378511e+08
3.0250000000e+01  3.1643393606e+08
3.0287500000e+01  3.1859408701e+08
3.0325000000e+01  3.2075423796e+08
3.0362500000e+01  3.2291438891e+08
3.0400000000e+01  3.2507453985e+08
3.0437500000e+01  3.2723469080e+08
3.0475000000e+01  3.2939484175e+08
3.0512500000e+01  3.3155499270e+08
3.0550000000e+01  3.3371514365e+08
3.0587500000e+01  3.3587529460e+08
3.0625000000e+01  3.3803544555e+08
3.0662500000e+01  3.4019559649e+08
3.0700000000e+01  3.4235574744e+08
3.0737500000e+01  3.4451589839e+08
3.0775000000e+01  3.4667604934e+08
3.0812500000e+01  3.4883620029e+08
3.0850000000e+01  3.5099635124e+08
3.0887500000e+01  3.5315650219e+08
3.0925000000e+01  3.5531665314e+08
3.0962500000e+01  3.5747680408e+08
3.1000000000e+01  3.5963695503e+08
3.1037500000e+01  3.6179710598e+08
3.1075000000e+01  3.6395725693e+08
3.1112500000e+01  3.6611740788e+08
3.1150000000e+01  3.6827755883e+08
3.1187500000e+01  3.7043770978e+08
3.1225000000e+01  3.7259786073e+08
3.1262500000e+01  3.7475801167e+08
3.1300000000e+01  3.7691816262e+08
3.1337500000e+01  3.7907831357e+08
3.1375000000e+01  3.8123846452e+08
3.1412500000e+01  3.8339861547e+08
3.1450000000e+01  3.8555876642e+08
3.1487500000e+01  3.8771891737e+08
3.1525000000e+01  3.8987906832e+08
3.1562500000e+01  3.9203921926e+08
3.1600000000e+01  3.9419937021e+08
3.1637500000e+01  3.9635952116e+08
3.1675000000e+01  3.9851967211e+08
3.1712500000e+01  4.0067982306e+08
3.1750000000e+01  4.0283997401e+08
3.1787500000e+01  4.0500012496e+08
3.1825000000e+01  4.0716027591e+08
3.1862500000e+01  4.0932042685e+08
3.1900000000e+01  4.1148057780e+08
3.1937500000e+01  4.1364072875e+08
3.1975000000e+01  4.1580087970e+08
3.2012500000e+01  4.1796103065e+08
3.2050000000e+01  4.2012118160e+08
3.2087500000e+01  4.2228133255e+08
3.2125000000e+01  4.2444148350e+08
3.2162500000e+01  4.2660163444e+08
3.2200000000e+01  4.2876178539e+08
3.2237500000e+01  4.3092193634e+08
3.2275000000e+01  4.3308208729e+08
3.2312500000e+01  4.3524223824e+08
3.2350000000e+01  4.3740238919e+08
3.2387500000e+01  4.3956254014e+08
3.2425000000e+01  4.4172269109e+08
3.2462500000e+01  4.4388284203e+08
3.2500000000e+01  4.4604299298e+08
3.2537500000e+01  4.4820314393e+08
3.2575000000e+01  4.5036329488e+08
3.2612500000e+01  4.5252344583e+08
3.2650000000e+01  4.5468359678e+08
3.2687500000e+01  4.5684374773e+08
3.2725000000e+01  4.5900389868e+08
3.2762500000e+01  4.6116404962e+08
3.2800000000e+01  4.6332420057e+08
3.2837500000e+01  4.6548435152e+08
3.2875000000e+01  4.6764450247e+08
3.2912500000e+01  4.6980465342e+08
3.2950000000e+01  4.7196480437e+08
3.2987500000e+01  4.7412495532e+08
3.3025000000e+01  4.7628510627e+08
3.3062500000e+01  4.7844525721e+08
3.3100000000e+01  4.8060540816e+08
3.3137500000e+01  4.8276555911e+08
3.3175000000e+01  4.8492571006e+08
3.3212500000e+01  4.8708586101e+08
3.3250000000e+01  4.8924601196e+08
3.3287500000e+01  4.9140616291e+08
3.3325000000e+01  4.9356631385e+08
3.3362500000e+01  4.9572646480e+08
3.3400000000e+01  4.9788661575e+08
3.3437500000e+01  5.0004676670e+08
3.3475000000e+01  5.0220691765e+08
3.3512500000e+01  5.0436706860e+08
3.3550000000e+01  5.0652721955e+08
3.3587500000e+01  5.0868737050e+08
3.3625000000e+01  5.1084752144e+08
3.3662500000e+01  5.1300767239e+08
3.3700000000e+01  5.1516782334e+08
3.3737500000e+01  5.1732797429e+08
3.3775000000e+01  5.1948812524e+08
3.3812500000e+01  5.2164827619e+08
3.3850000000e+01  5.2380842714e+08
3.3887500000e+01  5.2596857809e+08
3.3925000000e+01  5.2812872903e+08
3.3962500000e+01  5.3028887998e+08
3.4000000000e+01  5.3244903093e+08
3.4037500000e+01  5.3460918188e+08
3.4075000000e+01  5.3676933283e+08
3.4112500000e+01  5.3892948378e+08
3.4150000000e+01  5.4108963473e+08
3.4187500000e+01  5.4324978568e+08
3.4225000000e+01  5.4540993662e+08
3.4262500000e+01  5.4757008757e+08
3.4300000000e+01  5.4973023852e+08
3.4337500000e+01  5.5189038947e+08
3.4375000000e+01  5.5405054042e+08
3.4412500000e+01  5.5621069137e+08
3.4450000000e+01  5.5837084232e+08
3.4487500000e+01  5.6053099327e+08
3.4525000000e+01  5.6269114421e+08
3.4562500000e+01  5.6485129516e+08
3.4600000000e+01  5.6701144611e+08
3.4637500000e+01  5.6917159706e+08
3.4675000000e+01  5.7133174801e+08
3.4712500000e+01  5.7349189896e+08
3.4750000000e+01  5.7565204991e+08
3.4787500000e+01  5.7781220086e+08
3.4825000000e+01  5.7997235180e+08
3.4862500000e+01  5.8213250275e+08
3.4900000000e+01  5.8429265370e+08
3.4937500000e+01  5.8645280465e+08
3.4975000000e+01  5.8861295560e+08
3.5012500000e+01  5.9077310655e+08
3.5050000000e+01  5.9293325750e+08
3.5087500000e+01  5.9509340845e+08
3.5125000000e+01  5.9725355939e+08
3.5162500000e+01  5.9941371034e+08
3.5200000000e+01  6.0157386129e+08
3.5237500000e+01  6.0373401224e+08
3.5275000000e+01  6.0589416319e+08
3.5312500000e+01  6.0805431414e+08
3.5350000000e+01  6.1021446509e+08
3.5387500000e+01  6.1237461604e+08
3.5425000000e+01  6.1453476698e+08
3.5462500000e+01  6.1669491793e+08
3.5500000000e+01  6.1885506888e+08
3.5537500000e+01  6.2101521983e+08
3.5575000000e+01  6.2317537078e+08
3.5612500000e+01  6.2533552173e+08
3.5650000000e+01  6.2749567268e+08
3.5687500000e+01  6.2965582363e+08
3.5725000000e+01  6.3181597457e+08
3.5762500000e+01  6.3397612552e+08
3.5800000000e+01  6.3613627647e+08
3.5837500000e+01  6.3829642742e+08
3.5875000000e+01  6.4045657837e+08
3.5912500000e+01  6.4261672932e+08
3.5950000000e+01  6.4477688027e+08
3.5987500000e+01  6.4693703121e+08
3.6025000000e+01  6.4909718216e+08
3.6062500000e+01  6.5125733311e+08
3.6100000000e+01  6.5341748406e+08
3.6137500000e+01  6.5557763501e+08
3.6175000000e+01  6.5773778596e+08
3.6212500000e+01  6.5989793691e+08
3.6250000000e+01  6.6205808786e+08
3.6287500000e+01  6.6421823880e+08
3.6325000000e+01  6.6637838975e+08
3.6362500000e+01  6.6853854070e+08
3.6400000000e+01  6.7069869165e+08
3.6437500000e+01  6.7285884260e+08
3.6475000000e+01  6.7501899355e+08
3.6512500000e+01  6.7717914450e+08
3.6550000000e+01  6.7933929545e+08
3.6587500000e+01  6.8149944639e+08
3.6625000000e+01  6.8365959734e+08
3.6662500000e+01  6.8581974829e+08
3.6700000000e+01  6.8797989924e+08
3.6737500000e+01  6.9014005019e+08
3.6775000000e+01  6.9230020114e+08
3.6812500000e+01  6.9446035209e+08
3.6850000000e+01  6.9662050304e+08
3.6887500000e+01  6.9878065398e+08
3.6925000000e+01  7.0094080493e+08
3.6962500000e+01  7.0310095588e+08
3.7000000000e+01  7.0526110683e+08
3.7037500000e+01  7.0742125778e+08
3.7075000000e+01  7.0958140873e+08
3.7112500000e+01  7.1174155968e+08
3.7150000000e+01  7.1390171063e+08
3.7187500000e+01  7.1606186157e+08
3.7225000000e+01  7.1822201252e+08
3.7262500000e+01  7.2038216347e+08
3.7300000000e+01  7.2254231442e+08
3.7337500000e+01  7.2470246537e+08
3.7375000000e+01  7.2686261632e+08
3.7412500000e+01  7.2902276727e+08
3.7450000000e+01  7.3118291822e+08
3.7487500000e+01  7.3334306916e+08
3.7525000000e+01  7.3550322011e+08
3.7562500000e+01  7.3766337106e+08
3.7600000000e+01  7.3982352201e+08
3.7637500000e+01  7.4198367296e+08
3.7675000000e+01  7.4414382391e+08
3.7712500000e+01  7.4630397486e+08
3.7750000000e+01  7.4846412581e+08
3.7787500000e+01  7.5062427675e+08
3.7825000000e+01  7.5278442770e+08
3.7862500000e+01  7.5494457865e+08
3.7900000000e+01  7.5710472960e+08
3.7937500000e+01  7.5926488055e+08
3.7975000000e+01  7.6142503150e+08
3.8012500000e+01  7.6358518245e+08
3.8050000000e+01  7.6574533340e+08
3.8087500000e+01  7.6790548434e+08
3.8125000000e+01  7.7006563529e+08
3.8162500000e+01  7.7222578624e+08
3.8200000000e+01  7.7438593719e+08
3.8237500000e+01  7.7654608814e+08
3.8275000000e+01  7.7870623909e+08
3.8312500000e+01  7.8086639004e+08
3.8350000000e+01  7.8302654099e+08
3.8387500000e+01  7.8518669193e+08
3.8425000000e+01  7.8734684288e+08
3.8462500000e+01  7.8950699383e+08
3.8500000000e+01  7.9166714478e+08
3.8537500000e+01  7.9382729573e+08
3.8575000000e+01  7.9598744668e+08
3.8612500000e+01  7.9814759763e+08
3.8650000000e+01  8.0030774857e+08
3.8687500000e+01  8.0246789952e+08
3.8725000000e+01  8.0462805047e+08
3.8762500000e+01  8.0678820142e+08
3.8800000000e+01  8.0894835237e+08
3.8837500000e+01  8.1110850332e+08
3.8875000000e+01  8.1326865427e+08
3.8912500000e+01  8.1542880522e+08
3.8950000000e+01  8.1758895616e+08
3.8987500000e+01  8.1974910711e+08
3.9025000000e+01  8.2190925806e+08
3.9062500000e+01  8.2406940901e+08
3.9100000000e+01  8.2622955996e+08
3.9137500000e+01  8.2838971091e+08
3.9175000000e+01  8.3054986186e+08
3.9212500000e+01  8.3271001281e+08
3.9250000000e+01  8.3487016375e+08
3.9287500000e+01  8.3703031470e+08
3.9325000000e+01  8.3919046565e+08
3.9362500000e+01  8.4135061660e+08
3.9400000000e+01  8.4351076755e+08
3.9437500000e+01  8.4567091850e+08
3.9475000000e+01  8.4783106945e+08
3.9512500000e+01  8.4999122040e+08
3.9550000000e+01  8.5215137134e+08
3.9587500000e+01  8.5431152229e+08
3.9625000000e+01  8.5647167324e+08
3.9662500000e+01  8.5863182419e+08
3.9700000000e+01  8.6079197514e+08
3.9737500000e+01  8.6295212609e+08
3.9775000000e+01  8.6511227704e+08
3.9812500000e+01  8.6727242799e+08
3.9850000000e+01  8.6943257893e+08
3.9887500000e+01  8.7159272988e+08
3.9925000000e+01  8.7375288083e+08
3.9962500000e+01  8.7591303178e+08


-1.0000000000e+01  1.0000000000e+00  2.4756739166e+01
-9.9750000000e+00  1.6151538080e+00  2.4430115707e+01
-9.9500000000e+00  2.2202449668e+00  2.3952272330e+01
-9.9250000000e+00  2.8115376973e+00  2.3326937810e+01
-9.9000000000e+00  3.3854006494e+00  2.2558731836e+01
-9.8750000000e+00  3.9383287139e+00  2.1653127270e+01
-9.8500000000e+00  4.4669638282e+00  2.0616407509e+01
-9.8250000000e+00  4.9681146594e+00  1.9455619295e+01
-9.8000000000e+00  5.4387750537e+00  1.8178521337e+01
-9.7750000000e+00  5.8761411535e+00  1.6793529123e+01
-9.7500000000e+00  6.2776270911e+00  1.5309656345e+01
-9.7250000000e+00  6.6408791798e+00  1.3736453323e+01
-9.7000000000e+00  6.9637885335e+00  1.2083942899e+01
-9.6750000000e+00  7.2445020555e+00  1.0362554198e+01
-9.6500000000e+00  7.4814317496e+00  8.5830547265e+00
-9.6250000000e+00  7.6732623182e+00  6.7564812505e+00
-9.6000000000e+00  7.8189570205e+00  4.8940698907e+00
-9.5750000000e+00  7.9177617793e+00  3.0071858886e+00
-9.5500000000e+00  7.9692075313e+00  1.1072534774e+00
-9.5250000000e+00  7.9731108307e+00  -7.9431371171e-01
-9.5000000000e+00  7.9295727234e+00  -2.6861812889e+00
-9.4750000000e+00  7.8389759222e+00  -4.5571613843e+00
-9.4500000000e+00  7.7019803202e+00  -6.3962781764e+00
-9.4250000000e+00  7.5195168926e+00  -8.1928312969e+00
-9.4000000000e+00  7.2927800429e+00  -9.9364567595e+00
-9.3750000000e+00  7.0232184610e+00  -1.1617185081e+01
-9.3500000000e+00  6.7125245662e+00  -1.3225496285e+01
-9.3250000000e+00  6.3626226169e+00  -1.4752371508e+01
-9.3000000000e+00  5.9756555757e+00  -1.6189340948e+01
-9.2750000000e+00  5.5539708239e+00  -1.7528527915e+01
-9.2500000000e+00  5.1001048254e+00  -1.8762688802e+01
-9.2250000000e+00  4.6167668443e+00  -1.9885248777e+01
-9.2000000000e+00  4.1068218253e+00  -2.0890333068e+01
-9.1750000000e+00  3.5732725481e+00  -2.1772793710e+01
-9.1500000000e+00  3.0192411711e+00  -2.2528231680e+01
-9.1250000000e+00  2.4479502798e+00  -2.3153014350e+01
-9.1000000000e+00  1.8627035576e+00  -2.3644288239e+01
-9.0750000000e+00  1.2668661970e+00  -2.3999987052e+01
-9.0500000000e+00  6.6384516824e-01  -2.4218835044e+01
-9.0250000000e+00  5.7069461557e-02  -2.4300345761e+01
-9.0000000000e+00  -5.5002958164e-01  -2.4244816229e+01
-8.9750000000e+00  -1.1540377370e+00  -2.4053316717e+01
-8.9500000000e+00  -1.7515770553e+00  -2.3727676186e+01
-8.9250000000e+00  -2.3393246042e+00  -2.3270463590e+01
-8.9000000000e+00  -2.9140306931e+00  -2.2684965196e+01
-8.8750000000e+00  -3.4725364824e+00  -2.1975158123e+01
-8.8500000000e+00  -4.0117908871e+00  -2.1145680316e+01
-8.8250000000e+00  -4.5288666866e+00  -2.0201797175e+01
-8.8000000000e+00  -5.0209757619e+00  -1.9149365099e+01
-8.7750000000e+00  -5.4854833847e+00  -1.7994792190e+01
-8.7500000000e+00  -5.9199214922e+00  -1.6744996402e+01
-8.7250000000e+00  -6.3220008858e+00  -1.5407361395e+01
-8.7000000000e+00  -6.6896223010e+00  -1.3989690407e+01
-8.6750000000e+00  -7.0208863023e+00  -1.2500158417e+01
-8.6500000000e+00  -7.3141019635e+00  -1.0947262907e+01
-8.6250000000e+00  -7.5677943037e+00  -9.3397735241e+00
-8.6000000000e+00  -7.7807104527e+00  -7.6866809377e+00
-8.5750000000e+00  -7.9518245322e+00  -5.9971451990e+00
-8.5500000000e+00  -8.0803412427e+00  -4.2804438932e+00
-8.5250000000e+00  -8.1656981535e+00  -2.5459203816e+00
-8.5000000000e+00  -8.2075667045e+00  -8.0293241729e-01
-8.4750000000e+00  -8.2058519301e+00  9.3919858646e-01
-8.4500000000e+00  -8.1606909255e+00  2.6712373648e+00
-8.4250000000e+00  -8.0724500828e+00  4.3840834286e+00
-8.4000000000e+00  -7.9417211283e+00  6.0688182624e+00
-8.3750000000e+00  -7.7693160002e+00  7.7167508592e+00
-8.3500000000e+00  -7.5562606112e+00  9.3194613694e+00
-8.3250000000e+00  -7.3037875456e+00  1.0868842660e+01
-8.3000000000e+00  -7.0133277454e+00  1.2357139593e+01
-8.2750000000e+00  -6.6865012447e+00  1.3776985846e+01
-8.2500000000e+00  -6.3251070163e+00  1.5121438125e+01
-8.2250000000e+00  -5.9311119970e+00  1.6384007620e+01
-8.2000000000e+00  -5.5066393616e+00  1.7558688593e+01
-8.1750000000e+00  -5.0539561205e+00  1.8639983980e+01
-8.1500000000e+00  -4.5754601139e+00  1.9622927939e+01
-8.1250000000e+00  -4.0736664820e+00  2.0503105265e+01
-8.1000000000e+00  -3.5511936902e+00  2.1276667625e+01
-8.0750000000e+00  -3.0107491869e+00  2.1940346582e+01
-8.0500000000e+00  -2.4551147774e+00  2.2491463409e+01
-8.0250000000e+00  -1.8871317916e+00  2.2927935671e+01
-8.0000000000e+00  -1.3096861282e+00  2.3248280625e+01
-7.9750000000e+00  -7.2569325242e-01  2.3451615462e+01
-7.9500000000e+00  -1.3808322722e-01  2.3537654440e+01
-7.9250000000e+00  4.5021414609e-01  2.3506703005e+01
-7.9000000000e+00  1.0362840030e+00  2.3359648950e+01
-7.8750000000e+00  1.6172408346e+00  2.3097950736e+01
-7.8500000000e+00  2.1902425792e+00  2.2723623081e+01
-7.8250000000e+00  2.7525043217e+00  2.2239219934e+01
-7.8000000000e+00  3.3013115355e+00  2.1647814976e+01
-7.7750000000e+00  3.8340328074e+00  2.0952979797e+01
-7.7500000000e+00  4.3481319902e+00  2.0158759886e+01
-7.7250000000e+00  4.8411797285e+00  1.9269648624e+01
-7.7000000000e+00  5.3108643116e+00  1.8290559422e+01
-7.6750000000e+00  5.7550018085e+00  1.7226796199e+01
-7.6500000000e+00  6.1715454461e+00  1.6084022374e+01
-7.6250000000e+00  6.5585941949e+00  1.4868228552e+01
-7.6000000000e+00  6.9144005334e+00  1.3585699103e+01
-7.5750000000e+00  7.2373773641e+00  1.2242977807e+01
-7.5500000000e+00  7.5261040621e+00  1.0846832773e+01
-7.5250000000e+00  7.7793316384e+00  9.4042208093e+00
-7.5000000000e+00  7.9959870083e+00  7.9222514297e+00
-7.4750000000e+00  8.1751763571e+00  6.4081506995e+00
-7.4500000000e+00  8.3161876020e+00  4.8692250854e+00
-7.4250000000e+00  8.4184919520e+00  3.3128254985e+00
-7.4000000000e+00  8.4817445730e+00  1.7463117014e+00
-7.3750000000e+00  8.5057843699e+00  1.7701724802e-01
-7.3500000000e+00  8.4906328998e+00  -1.3877848812e+00
-7.3250000000e+00  8.4364924371e+00  -2.9409157941e+00
-7.3000000000e+00  8.3437432126e+00  -4.4753232042e+00
-7.2750000000e+00  8.2129398534e+00  -5.9841128108e+00
-7.2500000000e+00  8.0448070543e+00  -7.4605784125e+00
-7.2250000000e+00  7.8402345130e+00  -8.8982306313e+00
-7.2000000000e+00  7.6002711662e+00  -1.0290824136e+01
-7.1750000000e+00  7.3261187646e+00  -1.1632383266e+01
-7.1500000000e+00  7.0191248285e+00  -1.2917225954e+01
-7.1250000000e+00  6.6807750274e+00  -1.4139985880e+01
-7.1000000000e+00  6.3126850282e+00  -1.5295632779e+01
-7.0750000000e+00  5.9165918604e+00  -1.6379490831e+01
-7.0500000000e+00  5.4943448447e+00  -1.7387255111e+01
-7.0250000000e+00  5.0478961366e+00  -1.8315006027e+01
-7.0000000000e+00  4.5792909330e+00  -1.9159221745e+01
-6.9750000000e+00  4.0906573942e+00  -1.9916788567e+01
-6.9500000000e+00  3.5841963328e+00  -2.0585009257e+01
-6.9250000000e+00  3.0621707187e+00  -2.1161609323e+01
-6.9000000000e+00  2.5268950535e+00  -2.1644741262e+01
-6.8750000000e+00  1.9807246639e+00  -2.2032986784e+01
-6.8500000000e+00  1.4260449639e+00  -2.2325357059e+01
-6.8250000000e+00  8.6526073570e-01  -2.2521291019e+01
-6.8000000000e+00  3.0078547703e-01  -2.2620651751e+01
-6.7750000000e+00  -2.6496913894e-01  -2.2623721062e+01
-6.7500000000e+00  -8.2960364470e-01  -2.2531192253e+01
-6.7250000000e+00  -1.3907409577e+00  -2.2344161192e+01
-6.7000000000e+00  -1.9460363155e+00  -2.2064115741e+01
-6.6750000000e+00  -2.4931869279e+00  -2.1692923646e+01
-6.6500000000e+00  -3.0299413064e+00  -2.1232818945e+01
-6.6250000000e+00  -3.5541082379e+00  -2.0686387018e+01
-6.6000000000e+00  -4.0635653676e+00  -2.0056548348e+01
-6.5750000000e+00  -4.5562673614e+00  -1.9346541112e+01
-6.5500000000e+00  -5.0302536193e+00  -1.8559902695e+01
-6.5250000000e+00  -5.4836555143e+00  -1.7700450234e+01
-6.5000000000e+00  -5.9147031337e+00  -1.6772260299e+01
-6.4750000000e+00  -6.3217315033e+00  -1.5779647824e+01
-6.4500000000e+00  -6.7031862762e+00  -1.4727144391e+01
-6.4250000000e+00  -7.0576288719e+00  -1.3619475977e+01
-6.4000000000e+00  -7.3837410532e+00  -1.2461540284e+01
-6.3750000000e+00  -7.6803289328e+00  -1.1258383743e+01
-6.3500000000e+00  -7.9463264020e+00  -1.0015178314e+01
-6.3250000000e+00  -8.1807979772e+00  -8.7371981857e+00
-6.3000000000e+00  -8.3829410647e+00  -7.4297964691e+00
-6.2750000000e+00  -8.5520876432e+00  -6.0983819973e+00
-6.2500000000e+00  -8.6877053687e+00  -4.7483963238e+00
-6.2250000000e+00  -8.7893981084e+00  -3.3852910160e+00
-6.2000000000e+00  -8.8569059107e+00  -2.0145053341e+00
-6.1750000000e+00  -8.8901044236e+00  -6.4144438366e-01
-6.1500000000e+00  -8.8890037733e+00  7.2854217608e-01
-6.1250000000e+00  -8.8537469185e+00  2.0901807891e+00
-6.1000000000e+00  -8.7846074970e+00  3.4382939512e+00
-6.0750000000e+00  -8.6819871829e+00  4.7678193816e+00
-6.0500000000e+00  -8.5464125752e+00  6.0738283540e+00
-6.0250000000e+00  -8.3785316390e+00  7.3515431281e+00
-6.0000000000e+00  -8.1791097230e+00  8.5963534300e+00
-5.9750000000e+00  -7.9490251769e+00  9.8038319322e+00
-5.9500000000e+00  -7.6892645955e+00  1.0969748693e+01
-5.9250000000e+00  -7.4009177141e+00  1.2090084516e+01
-5.9000000000e+00  -7.0851719852e+00  1.3161043206e+01
-5.8750000000e+00  -6.7433068615e+00  1.4179062681e+01
-5.8500000000e+00  -6.3766878161e+00  1.5140824942e+01
-5.8250000000e+00  -5.9867601285e+00  1.6043264866e+01
-5.8000000000e+00  -5.5750424646e+00  1.6883577825e+01
-5.7750000000e+00  -5.1431202815e+00  1.7659226123e+01
-5.7500000000e+00  -4.6926390862e+00  1.8367944251e+01
-5.7250000000e+00  -4.2252975772e+00  1.9007742974e+01
-5.7000000000e+00  -3.7428406988e+00  1.9576912246e+01
-5.6750000000e+00  -3.2470526370e+00  2.0074022989e+01
-5.6500000000e+00  -2.7397497850e+00  2.0497927730e+01
-5.6250000000e+00  -2.2227737060e+00  2.0847760148e+01
-5.6000000000e+00  -1.6979841220e+00  2.1122933539e+01
-5.5750000000e+00  -1.1672519531e+00  2.1323138237e+01
-5.5500000000e+00  -6.3245243434e-01  2.1448338026e+01
-5.5250000000e+00  -9.5458334697e-02  2.1498765585e+01
-5.5000000000e+00  4.4186669895e-01  2.1474917002e+01
-5.4750000000e+00  9.7767464898e-01  2.1377545401e+01
-5.4500000000e+00  1.5101394646e+00  2.1207653733e+01
-5.4250000000e+00  2.0374632090e+00  2.0966486778e+01
-5.4000000000e+00  2.5578819975e+00  2.0655522402e+01
-5.3750000000e+00  3.0696717081e+00  2.0276462133e+01
-5.3500000000e+00  3.5711534486e+00  1.9831221101e+01
-5.3250000000e+00  4.0606987648e+00  1.9321917395e+01
-5.3000000000e+00  4.5367345759e+00  1.8750860899e+01
-5.2750000000e+00  4.9977478248e+00  1.8120541660e+01
-5.2500000000e+00  5.4422898328e+00  1.7433617843e+01
-5.2250000000e+00  5.8689803477e+00  1.6692903329e+01
-5.2000000000e+00  6.2765112787e+00  1.5901355016e+01
-5.1750000000e+00  6.6636501108e+00  1.5062059874e+01
-5.1500000000e+00  7.0292429923e+00  1.4178221811e+01
-5.1250000000e+00  7.3722174929e+00  1.3253148409e+01
-5.1000000000e+00  7.6915850287e+00  1.2290237569e+01
-5.0750000000e+00  7.9864429530e+00  1.1292964143e+01
-5.0500000000e+00  8.2559763130e+00  1.0264866568e+01
-5.0250000000e+00  8.4994592734e+00  9.2095335921e+00
-5.0000000000e+00  8.7162562089e+00  8.1305910997e+00
-4.9750000000e+00  8.9058224700e+00  7.0316891163e+00
-4.9500000000e+00  9.0677048262e+00  5.9164890133e+00
-4.9250000000e+00  9.2015415919e+00  4.7886509656e+00
-4.9000000000e+00  9.3070624431e+00  3.6518216978e+00
-4.8750000000e+00  9.3840879313e+00  2.5096225582e+00
-4.8500000000e+00  9.4325287033e+00  1.3656379536e+00
-4.8250000000e+00  9.4523844378e+00  2.2340417923e-01
-4.8000000000e+00  9.4437425070e+00  -9.1360132671e-01
-4.7750000000e+00  9.4067763756e+00  -2.0419702771e+00
-4.7500000000e+00  9.3417437484e+00  -3.1583733517e+00
-4.7250000000e+00  9.2489844783e+00  -4.2595695138e+00
-4.7000000000e+00  9.1289182487e+00  -5.3424148066e+00
-4.6750000000e+00  8.9820420415e+00  -6.4038706118e+00
-4.6500000000e+00  8.8089274068e+00  -7.4410113568e+00
-4.6250000000e+00  8.6102175457e+00  -8.4510316561e+00
-4.6000000000e+00  8.3866242227e+00  -9.4312528785e+00
-4.5750000000e+00  8.1389245207e+00  -1.0379129131e+01
-4.5500000000e+00  7.8679574537e+00  -1.1292252657e+01
-4.5250000000e+00  7.5746204524e+00  -1.2168358640e+01
-4.5000000000e+00  7.2598657367e+00  -1.3005329424e+01
-4.4750000000e+00  6.9246965898e+00  -1.3801198133e+01
-4.4500000000e+00  6.5701635499e+00  -1.4554151717e+01
-4.4250000000e+00  6.1973605323e+00  -1.5262533407e+01
-4.4000000000e+00  5.8074208980e+00  -1.5924844606e+01
-4.3750000000e+00  5.4015134812e+00  -1.6539746212e+01
-4.3500000000e+00  4.9808385913e+00  -1.7106059390e+01
-4.3250000000e+00  4.5466240024e+00  -1.7622765809e+01
-4.3000000000e+00  4.1001209430e+00  -1.8089007344e+01
-4.2750000000e+00  3.6426000999e+00  -1.8504085285e+01
-4.2500000000e+00  3.1753476482e+00  -1.8867459039e+01
-4.2250000000e+00  2.6996613188e+00  -1.9178744369e+01
-4.2000000000e+00  2.2168465173e+00  -1.9437711173e+01
-4.1750000000e+00  1.7282125017e+00  -1.9644280834e+01
-4.1500000000e+00  1.2350686340e+00  -1.9798523159e+01
-4.1250000000e+00  7.3872071076e-01  -1.9900652918e+01
-4.1000000000e+00  2.4046738710e-01  -1.9951026031e+01
-4.0750000000e+00  -2.5840330138e-01  -1.9950135397e+01
-4.0500000000e+00  -7.5661730741e-01  -1.9898606417e+01
-4.0250000000e+00  -1.2529178254e+00  -1.9797192205e+01
-4.0000000000e+00  -1.7460684218e+00  -1.9646768544e+01
-3.9750000000e+00  -2.2348560359e+00  -1.9448328581e+01
-3.9500000000e+00  -2.7180938456e+00  -1.9202977314e+01
-3.9250000000e+00  -3.1946239922e+00  -1.8911925864e+01
-3.9000000000e+00  -3.6633201608e+00  -1.8576485592e+01
-3.8750000000e+00  -4.1230900103e+00  -1.8198062052e+01
-3.8500000000e+00  -4.5728774520e+00  -1.7778148831e+01
-3.8250000000e+00  -5.0116647720e+00  -1.7318321277e+01
-3.8000000000e+00  -5.4384745961e+00  -1.6820230157e+01
-3.7750000000e+00  -5.8523716955e+00  -1.6285595256e+01
-3.7500000000e+00  -6.2524646314e+00  -1.5716198942e+01
-3.7250000000e+00  -6.6379072399e+00  -1.5113879722e+01
-3.7000000000e+00  -7.0078999538e+00  -1.4480525803e+01
-3.6750000000e+00  -7.3616909660e+00  -1.3818068685e+01
-3.6500000000e+00  -7.6985772315e+00  -1.3128476802e+01
-3.6250000000e+00  -8.0179053124e+00  -1.2413749230e+01
-3.6000000000e+00  -8.3190720657e+00  -1.1675909475e+01
-3.5750000000e+00  -8.6015251778e+00  -1.0916999373e+01
-3.5500000000e+00  -8.8647635478e+00  -1.0139073093e+01
-3.5250000000e+00  -9.1083375218e+00  -9.3441912855e+00
-3.5000000000e+00  -9.3318489834e+00  -8.5344153682e+00
-3.4750000000e+00  -9.5349513036e+00  -7.7118019748e+00
-3.4500000000e+00  -9.7173491530e+00  -6.8783975744e+00
-3.4250000000e+00  -9.8787981823e+00  -6.0362332734e+00
-3.4000000000e+00  -1.0019104576e+01  -5.1873198099e+00
-3.3750000000e+00  -1.0138124482e+01  -4.3336427495e+00
-3.3500000000e+00  -1.0235763324e+01  -3.4771578915e+00
-3.3250000000e+00  -1.0311975003e+01  -2.6197868924e+00
-3.3000000000e+00  -1.0366760992e+01  -1.7634131118e+00
-3.2750000000e+00  -1.0400169328e+01  -9.0987768826e-01
-3.2500000000e+00  -1.0412293509e+01  -6.0975847593e-02
-3.2250000000e+00  -1.0403271304e+01  7.8154655199e-01
-3.2000000000e+00  -1.0373283478e+01  1.6159962354e+00
-3.1750000000e+00  -1.0322552439e+01  2.4407354851e+00
-3.1500000000e+00  -1.0251340814e+01  3.2541848737e+00
-3.1250000000e+00  -1.0159949962e+01  4.0548257538e+00
-3.1000000000e+00  -1.0048718425e+01  4.8412025072e+00
-3.0750000000e+00  -9.9180203252e+00  5.6119245527e+00
-3.0500000000e+00  -9.7682637187e+00  6.3656681170e+00
-3.0250000000e+00  -9.5998889040e+00  7.1011777692e+00
-3.0000000000e+00  -9.4133666974e+00  7.8172677237e+00
-2.9750000000e+00  -9.2091966781e+00  8.5128229151e+00
-2.9500000000e+00  -8.9879054086e+00  9.1867998493e+00
-2.9250000000e+00  -8.7500446374e+00  9.8382272361e+00
-2.9000000000e+00  -8.4961894880e+00  1.0466206409e+01
-2.8750000000e+00  -8.2269366405e+00  1.1069911539e+01
-2.8500000000e+00  -7.9429025098e+00  1.1648589646e+01
-2.8250000000e+00  -7.6447214264e+00  1.2201560416e+01
-2.8000000000e+00  -7.3330438239e+00  1.2728215839e+01
-2.7750000000e+00  -7.0085344382e+00  1.3228019654e+01
-2.7500000000e+00  -6.6718705218e+00  1.3700506638e+01
-2.7250000000e+00  -6.3237400789e+00  1.4145281721e+01
-2.7000000000e+00  -5.9648401243e+00  1.4562018946e+01
-2.6750000000e+00  -5.5958749698e+00  1.4950460294e+01
-2.6500000000e+00  -5.2175545424e+00  1.5310414351e+01
-2.6250000000e+00  -4.8305927367e+00  1.5641754864e+01
-2.6000000000e+00  -4.4357058052e+00  1.5944419164e+01
-2.5750000000e+00  -4.0336107901e+00  1.6218406478e+01
-2.5500000000e+00  -3.6250239977e+00  1.6463776141e+01
-2.5250000000e+00  -3.2106595189e+00  1.6680645711e+01
-2.5000000000e+00  -2.7912277987e+00  1.6869188993e+01
-2.4750000000e+00  -2.3674342548e+00  1.7029633991e+01
-2.4500000000e+00  -1.9399779496e+00  1.7162260788e+01
-2.4250000000e+00  -1.5095503150e+00  1.7267399360e+01
-2.4000000000e+00  -1.0768339331e+00  1.7345427344e+01
-2.3750000000e+00  -6.4250137299e-01  1.7396767756e+01
-2.3500000000e+00  -2.0721408534e-01  1.7421886671e+01
-2.3250000000e+00  2.2837864494e-01  1.7421290878e+01
-2.3000000000e+00  6.6364068689e-01  1.7395525506e+01
-2.2750000000e+00  1.0979499922e+00  1.7345171638e+01
-2.2500000000e+00  1.5306994640e+00  1.7270843922e+01
-2.2250000000e+00  1.9612977665e+00  1.7173188166e+01
-2.2000000000e+00  2.3891700734e+00  1.7052878958e+01
-2.1750000000e+00  2.8137587582e+00  1.6910617275e+01
-2.1500000000e+00  3.2345240240e+00  1.6747128129e+01
-2.1250000000e+00  3.6509444752e+00  1.6563158223e+01
-2.1000000000e+00  4.0625176310e+00  1.6359473637e+01
-2.0750000000e+00  4.4687603807e+00  1.6136857554e+01
-2.0500000000e+00  4.8692093839e+00  1.5896108015e+01
-2.0250000000e+00  5.2634214136e+00  1.5638035718e+01
-2.0000000000e+00  5.6509736465e+00  1.5363461871e+01
-1.9750000000e+00  6.0314638985e+00  1.5073216085e+01
-1.9500000000e+00  6.4045108096e+00  1.4768134326e+01
-1.9250000000e+00  6.7697539775e+00  1.4449056924e+01
-1.9000000000e+00  7.1268540426e+00  1.4116826645e+01
-1.8750000000e+00  7.4754927253e+00  1.3772286813e+01
-1.8500000000e+00  7.8153728173e+00  1.3416279517e+01
-1.8250000000e+00  8.1462181288e+00  1.3049643869e+01
-1.8000000000e+00  8.4677733932e+00  1.2673214337e+01
-1.7750000000e+00  8.7798041308e+00  1.2287819149e+01
-1.7500000000e+00  9.0820964739e+00  1.1894278771e+01
-1.7250000000e+00  9.3744569539e+00  1.1493404452e+01
-1.7000000000e+00  9.6567122540e+00  1.1085996850e+01
-1.6750000000e+00  9.9287089277e+00  1.0672844728e+01
-1.6500000000e+00  1.0190313086e+01  1.0254723724e+01
-1.6250000000e+00  1.0441410055e+01  9.8323952012e+00
-1.6000000000e+00  1.0681904004e+01  9.4066051698e+00
-1.5750000000e+00  1.0911717553e+01  8.9780832819e+00
-1.5500000000e+00  1.1130791345e+01  8.5475419042e+00
-1.5250000000e+00  1.1339083610e+01  8.1156752621e+00
-1.5000000000e+00  1.1536569698e+01  7.6831586573e+00
-1.4750000000e+00  1.1723241597e+01  7.2506477571e+00
-1.4500000000e+00  1.1899107436e+01  6.8187779540e+00
-1.4250000000e+00  1.2064190966e+01  6.3881637959e+00
-1.4000000000e+00  1.2218531041e+01  5.9593984826e+00
-1.3750000000e+00  1.2362181068e+01  5.5330534306e+00
-1.3500000000e+00  1.2495208467e+01  5.1096779014e+00
-1.3250000000e+00  1.2617694108e+01  4.6897986935e+00
-1.3000000000e+00  1.2729731747e+01  4.2739198961e+00
-1.2750000000e+00  1.2831427458e+01  3.8625227016e+00
-1.2500000000e+00  1.2922899056e+01  3.4560652757e+00
-1.2250000000e+00  1.3004275522e+01  3.0549826833e+00
-1.2000000000e+00  1.3075696423e+01  2.6596868670e+00
-1.1750000000e+00  1.3137311338e+01  2.2705666774e+00
-1.1500000000e+00  1.3189279279e+01  1.8879879522e+00
-1.1250000000e+00  1.3231768115e+01  1.5122936416e+00
-1.1000000000e+00  1.3264954009e+01  1.1438039786e+00
-1.0750000000e+00  1.3289020843e+01  7.8281669180e-01
-1.0500000000e+00  1.3304159668e+01  4.2960725741e-01
-1.0250000000e+00  1.3310568144e+01  8.4429189547e-02
-1.0000000000e+00  1.3308449997e+01  -2.5248563426e-01
-9.7500000000e-01  1.3298014486e+01  -5.8092661439e-01
-9.5000000000e-01  1.3279475872e+01  -9.0070403952e-01
-9.2500000000e-01  1.3253052900e+01  -1.2116486683e+00
-9.0000000000e-01  1.3218968297e+01  -1.5136112847e+00
-8.7500000000e-01  1.3177448274e+01  -1.8064622285e+00
-8.5000000000e-01  1.3128722046e+01  -2.0900909045e+00
-8.2500000000e-01  1.3073021356e+01  -2.3644052707e+00
-8.0000000000e-01  1.3010580026e+01  -2.6293313089e+00
-7.7500000000e-01  1.2941633506e+01  -2.8848124789e+00
-7.5000000000e-01  1.2866418447e+01  -3.1308091593e+00
-7.2500000000e-01  1.2785172286e+01  -3.3672980753e+00
-7.0000000000e-01  1.2698132844e+01  -3.5942717162e+00
-6.7500000000e-01  1.2605537937e+01  -3.8117377450e+00
-6.5000000000e-01  1.2507625007e+01  -4.0197184003e+00
-6.2500000000e-01  1.2404630766e+01  -4.2182498932e+00
-6.0000000000e-01  1.2296790848e+01  -4.4073818012e+00
-5.7500000000e-01  1.2184339492e+01  -4.5871764591e+00
-5.5000000000e-01  1.2067509220e+01  -4.7577083500e+00
-5.2500000000e-01  1.1946530552e+01  -4.9190634965e+00
-5.0000000000e-01  1.1821631715e+01  -5.0713388546e+00
-4.7500000000e-01  1.1693038384e+01  -5.2146417104e+00
-4.5000000000e-01  1.1560973429e+01  -5.3490890820e+00
-4.2500000000e-01  1.1425656678e+01  -5.4748071266e+00
-4.0000000000e-01  1.1287304698e+01  -5.5919305547e+00
-3.7500000000e-01  1.1146130587e+01  -5.7006020518e+00
-3.5000000000e-01  1.1002343781e+01  -5.8009717091e+00
-3.2500000000e-01  1.0856149878e+01  -5.8931964636e+00
-3.0000000000e-01  1.0707750474e+01  -5.9774395487e+00
-2.7500000000e-01  1.0557343009e+01  -6.0538699556e+00
-2.5000000000e-01  1.0405120632e+01  -6.1226619072e+00
-2.2500000000e-01  1.0251272078e+01  -6.1839943438e+00
-2.0000000000e-01  1.0095981553e+01  -6.2380504217e+00
-1.7500000000e-01  9.9394286370e+00  -6.2850170259e+00
-1.5000000000e-01  9.7817881971e+00  -6.3250842963e+00
-1.2500000000e-01  9.6232303099e+00  -6.3584451682e+00
-1.0000000000e-01  9.4639201988e+00  -6.3852949276e+00
-7.5000000000e-02  9.3040181800e+00  -6.4058307813e+00
-5.0000000000e-02  9.1436796201e+00  -6.4202514424e+00
-2.5000000000e-02  8.9830549030e+00  -6.4287567311e+00
7.4877604117e-14  8.8222894073e+00  -6.4315471905e+00
2.5000000000e-02  8.6615234929e+00  -6.4288237192e+00
5.0000000000e-02  8.5008924964e+00  -6.4207872180e+00
7.5000000000e-02  8.3405267355e+00  -6.4076382539e+00
1.0000000000e-01  8.1805515212e+00  -6.3895767384e+00
1.2500000000e-01  8.0210871781e+00  -6.3668016224e+00
1.5000000000e-01  7.8622490719e+00  -6.3395106061e+00
1.7500000000e-01  7.7041476447e+00  -6.3078998644e+00
2.0000000000e-01  7.5468884556e+00  -6.2721637877e+00
2.2500000000e-01  7.3905722291e+00  -6.2324947380e+00
2.5000000000e-01  7.2352949082e+00  -6.1890828190e+00
2.7500000000e-01  7.0811477140e+00  -6.1421156620e+00
3.0000000000e-01  6.9282172096e+00  -6.0917782254e+00
3.2500000000e-01  6.7765853696e+00  -6.0382526088e+00
3.5000000000e-01  6.6263296538e+00  -5.9817178805e+00
3.7500000000e-01  6.4775230845e+00  -5.9223499189e+00
4.0000000000e-01  6.3302343288e+00  -5.8603212670e+00
4.2500000000e-01  6.1845277831e+00  -5.7958009998e+00
4.5000000000e-01  6.0404636617e+00  -5.7289546043e+00
4.7500000000e-01  5.8980980875e+00  -5.6599438715e+00
5.0000000000e-01  5.7574831861e+00  -5.5889267999e+00
5.2500000000e-01  5.6186671811e+00  -5.5160575118e+00
5.5000000000e-01  5.4816944926e+00  -5.4414861785e+00
5.7500000000e-01  5.3466058363e+00  -5.3653589580e+00
6.0000000000e-01  5.2134383247e+00  -5.2878179424e+00
6.2500000000e-01  5.0822255693e+00  -5.2090011142e+00
6.5000000000e-01  4.9529977838e+00  -5.1290423138e+00
6.7500000000e-01  4.8257818879e+00  -5.0480712146e+00
7.0000000000e-01  4.7006016116e+00  -4.9662133075e+00
7.2500000000e-01  4.5774776001e+00  -4.8835898936e+00
7.5000000000e-01  4.4564275186e+00  -4.8003180844e+00
7.7500000000e-01  4.3374661566e+00  -4.7165108098e+00
8.0000000000e-01  4.2206055325e+00  -4.6322768334e+00
8.2500000000e-01  4.1058549975e+00  -4.5477207738e+00
8.5000000000e-01  3.9932213388e+00  -4.4629431332e+00
8.7500000000e-01  3.8827088824e+00  -4.3780403307e+00
9.0000000000e-01  3.7743195941e+00  -4.2931047428e+00
9.2500000000e-01  3.6680531806e+00  -4.2082247476e+00
9.5000000000e-01  3.5639071886e+00  -4.1234847744e+00
9.7500000000e-01  3.4618771027e+00  -4.0389653587e+00
1.0000000000e+00  3.3619564423e+00  -3.9547431999e+00
1.0250000000e+00  3.2641368566e+00  -3.8708912238e+00
1.0500000000e+00  3.1684082182e+00  -3.7874786486e+00
1.0750000000e+00  3.0747587149e+00  -3.7045710539e+00
1.1000000000e+00  2.9831749395e+00  -3.6222304527e+00
1.1250000000e+00  2.8936419786e+00  -3.5405153660e+00
1.1500000000e+00  2.8061434984e+00  -3.4594809000e+00
1.1750000000e+00  2.7206618294e+00  -3.3791788250e+00
1.2000000000e+00  2.6371780487e+00  -3.2996576563e+00
1.2250000000e+00  2.5556720603e+00  -3.2209627373e+00
1.2500000000e+00  2.4761226735e+00  -3.1431363226e+00
1.2750000000e+00  2.3985076788e+00  -3.0662176633e+00
1.3000000000e+00  2.3228039222e+00  -2.9902430930e+00
1.3250000000e+00  2.2489873769e+00  -2.9152461141e+00
1.3500000000e+00  2.1770332130e+00  -2.8412574848e+00
1.3750000000e+00  2.1069158650e+00  -2.7683053068e+00
1.4000000000e+00  2.0386090973e+00  -2.6964151118e+00
1.4250000000e+00  1.9720860670e+00  -2.6256099498e+00
1.4500000000e+00  1.9073193853e+00  -2.5559104755e+00
1.4750000000e+00  1.8442811759e+00  -2.4873350353e+00
1.5000000000e+00  1.7829431318e+00  -2.4198997532e+00
1.5250000000e+00  1.7232765700e+00  -2.3536186168e+00
1.5500000000e+00  1.6652524834e+00  -2.2885035612e+00
1.5750000000e+00  1.6088415913e+00  -2.2245645536e+00
1.6000000000e+00  1.5540143877e+00  -2.1618096754e+00
1.6250000000e+00  1.5007411873e+00  -2.1002452042e+00
1.6500000000e+00  1.4489921694e+00  -2.0398756943e+00
1.6750000000e+00  1.3987374202e+00  -1.9807040556e+00
1.7000000000e+00  1.3499469731e+00  -1.9227316314e+00
1.7250000000e+00  1.3025908464e+00  -1.8659582748e+00
1.7500000000e+00  1.2566390801e+00  -1.8103824233e+00
1.7750000000e+00  1.2120617703e+00  -1.7560011723e+00
1.8000000000e+00  1.1688291014e+00  -1.7028103464e+00
1.8250000000e+00  1.1269113776e+00  -1.6508045696e+00
1.8500000000e+00  1.0862790518e+00  -1.5999773333e+00
1.8750000000e+00  1.0469027531e+00  -1.5503210630e+00
1.9000000000e+00  1.0087533123e+00  -1.5018271827e+00
1.9250000000e+00  9.7180178681e-01  -1.4544861784e+00
1.9500000000e+00  9.3601948287e-01  -1.4082876584e+00
1.9750000000e+00  9.0137797683e-01  -1.3632204135e+00
2.0000000000e+00  8.6784913491e-01  -1.3192724738e+00
2.0250000000e+00  8.3540513150e-01  -1.2764311648e+00
2.0500000000e+00  8.0401846609e-01  -1.2346831608e+00
2.0750000000e+00  7.7366197893e-01  -1.1940145374e+00
2.1000000000e+00  7.4430886532e-01  -1.1544108211e+00
2.1250000000e+00  7.1593268877e-01  -1.1158570382e+00
2.1500000000e+00  6.8850739289e-01  -1.0783377609e+00
2.1750000000e+00  6.6200731219e-01  -1.0418371523e+00
2.2000000000e+00  6.3640718178e-01  -1.0063390094e+00
2.2250000000e+00  6.1168214597e-01  -9.7182680443e-01
2.2500000000e+00  5.8780776592e-01  -9.3828372413e-01
2.2750000000e+00  5.6476002631e-01  -9.0569270785e-01
2.3000000000e+00  5.4251534102e-01  -8.7403648364e-01
2.3250000000e+00  5.2105055803e-01  -8.4329760280e-01
2.3500000000e+00  5.0034296339e-01  -8.1345847281e-01
2.3750000000e+00  4.8037028445e-01  -7.8450138872e-01
2.4000000000e+00  4.6111069225e-01  -7.5640856290e-01
2.4250000000e+00  4.4254280329e-01  -7.2916215346e-01
2.4500000000e+00  4.2464568048e-01  -7.0274429096e-01
2.4750000000e+00  4.0739883357e-01  -6.7713710393e-01
2.5000000000e+00  3.9078221886e-01  -6.5232274280e-01
2.5250000000e+00  3.7477623838e-01  -6.2828340254e-01
2.5500000000e+00  3.5936173852e-01  -6.0500134402e-01
2.5750000000e+00  3.4452000808e-01  -5.8245891403e-01
2.6000000000e+00  3.3023277595e-01  -5.6063856402e-01
2.6250000000e+00  3.1648220823e-01  -5.3952286774e-01
2.6500000000e+00  3.0325090497e-01  -5.1909453760e-01
2.6750000000e+00  2.9052189654e-01  -4.9933643997e-01
2.7000000000e+00  2.7827863954e-01  -4.8023160936e-01
2.7250000000e+00  2.6650501251e-01  -4.6176326154e-01
2.7500000000e+00  2.5518531116e-01  -4.4391480567e-01
2.7750000000e+00  2.4430424346e-01  -4.2666985544e-01
2.8000000000e+00  2.3384692438e-01  -4.1001223923e-01
2.8250000000e+00  2.2379887039e-01  -3.9392600948e-01
2.8500000000e+00  2.1414599376e-01  -3.7839545102e-01
2.8750000000e+00  2.0487459664e-01  -3.6340508878e-01
2.9000000000e+00  1.9597136502e-01  -3.4893969449e-01
2.9250000000e+00  1.8742336241e-01  -3.3498429279e-01
2.9500000000e+00  1.7921802350e-01  -3.2152416654e-01
2.9750000000e+00  1.7134314765e-01  -3.0854486142e-01
3.0000000000e+00  1.6378689223e-01  -2.9603218994e-01
3.0250000000e+00  1.5653776593e-01  -2.8397223472e-01
3.0500000000e+00  1.4958462196e-01  -2.7235135132e-01
3.0750000000e+00  1.4291665123e-01  -2.6115617033e-01
3.1000000000e+00  1.3652337541e-01  -2.5037359909e-01
3.1250000000e+00  1.3039464003e-01  -2.3999082279e-01
3.1500000000e+00  1.2452060749e-01  -2.2999530511e-01
3.1750000000e+00  1.1889175013e-01  -2.2037478851e-01
3.2000000000e+00  1.1349884324e-01  -2.1111729393e-01
3.2250000000e+00  1.0833295812e-01  -2.0221112022e-01
3.2500000000e+00  1.0338545511e-01  -1.9364484314e-01
3.2750000000e+00  9.8647976731e-02  -1.8540731406e-01
3.3000000000e+00  9.4112440792e-02  -1.7748765823e-01
3.3250000000e+00  8.9771033558e-02  -1.6987527288e-01
3.3500000000e+00  8.5616202989e-02  -1.6255982493e-01
3.3750000000e+00  8.1640652027e-02  -1.5553124851e-01
3.4000000000e+00  7.7837331950e-02  -1.4877974218e-01
3.4250000000e+00  7.4199435797e-02  -1.4229576599e-01
3.4500000000e+00  7.0720391871e-02  -1.3607003824e-01
3.4750000000e+00  6.7393857322e-02  -1.3009353221e-01
3.5000000000e+00  6.4213711818e-02  -1.2435747253e-01
3.5250000000e+00  6.1174051309e-02  -1.1885333156e-01
3.5500000000e+00  5.8269181879e-02  -1.1357282553e-01
3.5750000000e+00  5.5493613697e-02  -1.0850791061e-01
3.6000000000e+00  5.2842055073e-02  -1.0365077885e-01
3.6250000000e+00  5.0309406608e-02  -9.8993853988e-02
3.6500000000e+00  4.7890755459e-02  -9.4529787284e-02
3.6750000000e+00  4.5581369703e-02  -9.0251453155e-02
3.7000000000e+00  4.3376692811e-02  -8.6151944828e-02
3.7250000000e+00  4.1272338235e-02  -8.2224569921e-02
3.7500000000e+00  3.9264084103e-02  -7.8462845987e-02
3.7750000000e+00  3.7347868026e-02  -7.4860496028e-02
3.8000000000e+00  3.5519782020e-02  -7.1411443989e-02
3.8250000000e+00  3.3776067536e-02  -6.8109810245e-02
3.8500000000e+00  3.2113110609e-02  -6.4949907078e-02
3.8750000000e+00  3.0527437113e-02  -6.1926234158e-02
3.9000000000e+00  2.9015708139e-02  -5.9033474042e-02
3.9250000000e+00  2.7574715469e-02  -5.6266487685e-02
3.9500000000e+00  2.6201377183e-02  -5.3620309970e-02
3.9750000000e+00  2.4892733358e-02  -5.1090145281e-02
4.0000000000e+00  2.3645941889e-02  -4.8671363097e-02
4.0250000000e+00  2.2458274416e-02  -4.6359493631e-02
4.0500000000e+00  2.1327112360e-02  -4.4150223513e-02
4.0750000000e+00  2.0249943066e-02  -4.2039391519e-02
4.1000000000e+00  1.9224356049e-02  -4.0022984356e-02
4.1250000000e+00  1.8248039354e-02  -3.8097132497e-02
4.1500000000e+00  1.7318776008e-02  -3.6258106074e-02
4.1750000000e+00  1.6434440582e-02  -3.4502310839e-02
4.2000000000e+00  1.5592995849e-02  -3.2826284181e-02
4.2250000000e+00  1.4792489542e-02  -3.1226691209e-02
4.2500000000e+00  1.4031051212e-02  -2.9700320913e-02
4.2750000000e+00  1.3306889174e-02  -2.8244082377e-02
4.3000000000e+00  1.2618287554e-02  -2.6855001082e-02
4.3250000000e+00  1.1963603426e-02  -2.5530215264e-02
4.3500000000e+00  1.1341264031e-02  -2.4266972357e-02
4.3750000000e+00  1.0749764102e-02  -2.3062625510e-02
4.4000000000e+00  1.0187663251e-02  -2.1914630165e-02
4.4250000000e+00  9.6535834651e-03  -2.0820540732e-02
4.4500000000e+00  9.1462066655e-03  -1.9778007319e-02
4.4750000000e+00  8.6642723585e-03  -1.8784772554e-02
4.5000000000e+00  8.2065753606e-03  -1.7838668470e-02
4.5250000000e+00  7.7719636014e-03  -1.6937613477e-02
4.5500000000e+00  7.3593360018e-03  -1.6079609399e-02
4.5750000000e+00  6.9676404242e-03  -1.5262738597e-02
4.6000000000e+00  6.5958716946e-03  -1.4485161156e-02
4.6250000000e+00  6.2430696942e-03  -1.3745112155e-02
4.6500000000e+00  5.9083175171e-03  -1.3040899007e-02
4.6750000000e+00  5.5907396953e-03  -1.2370898871e-02
4.7000000000e+00  5.2895004861e-03  -1.1733556136e-02
4.7250000000e+00  5.0038022223e-03  -1.1127379981e-02
4.7500000000e+00  4.7328837222e-03  -1.0550941997e-02
4.7750000000e+00  4.4760187580e-03  -1.0002873888e-02
4.8000000000e+00  4.2325145814e-03  -9.4818652318e-03
4.8250000000e+00  4.0017105040e-03  -8.9866613121e-03
4.8500000000e+00  3.7829765308e-03  -8.5160610166e-03
4.8750000000e+00  3.5757120459e-03  -8.0689147992e-03
4.9000000000e+00  3.3793445481e-03  -7.6441227059e-03
4.9250000000e+00  3.1933284352e-03  -7.2406324633e-03
4.9500000000e+00  3.0171438349e-03  -6.8574376284e-03
4.9750000000e+00  2.8502954821e-03  -6.4935757983e-03
5.0000000000e+00  2.6923116392e-03  -6.1481268784e-03
5.0250000000e+00  2.5427430598e-03  -5.8202114081e-03
5.0500000000e+00  2.4011619928e-03  -5.5089889426e-03
5.0750000000e+00  2.2671612269e-03  -5.2136564892e-03
5.1000000000e+00  2.1403531733e-03  -4.9334469973e-03
5.1250000000e+00  2.0203689855e-03  -4.6676279004e-03
5.1500000000e+00  1.9068577146e-03  -4.4154997089e-03
5.1750000000e+00  1.7994854999e-03  -4.1763946524e-03
5.2000000000e+00  1.6979347921e-03  -3.9496753703e-03
5.2250000000e+00  1.6019036089e-03  -3.7347336488e-03
5.2500000000e+00  1.5111048218e-03  -3.5309892045e-03
5.2750000000e+00  1.4252654725e-03  -3.3378885113e-03
5.3000000000e+00  1.3441261183e-03  -3.1549036711e-03
5.3250000000e+00  1.2674402047e-03  -2.9815313260e-03
5.3500000000e+00  1.1949734657e-03  -2.8172916115e-03
5.3750000000e+00  1.1265033486e-03  -2.6617271484e-03
5.4000000000e+00  1.0618184641e-03  -2.5144020737e-03
5.4250000000e+00  1.0007180606e-03  -2.3749011082e-03
5.4500000000e+00  9.4301152023e-04  -2.2428286600e-03
5.4750000000e+00  8.8851787809e-04  -2.1178079628e-03
5.5000000000e+00  8.3706536167e-04  -1.9994802479e-03
5.5250000000e+00  7.8849095100e-04  -1.8875039488e-03
5.5500000000e+00  7.4263995830e-04  -1.7815539371e-03
5.5750000000e+00  6.9936562615e-04  -1.6813207893e-03
5.6000000000e+00  6.5852874378e-04  -1.5865100824e-03
5.6250000000e+00  6.1999728057e-04  -1.4968417188e-03
5.6500000000e+00  5.8364603603e-04  -1.4120492777e-03
5.6750000000e+00  5.4935630573e-04  -1.3318793939e-03
5.7000000000e+00  5.1701556244e-04  -1.2560911616e-03
5.7250000000e+00  4.8651715178e-04  -1.1844555633e-03
5.7500000000e+00  4.5776000193e-04  -1.1167549221e-03
5.7750000000e+00  4.3064834674e-04  -1.0527823773e-03
5.8000000000e+00  4.0509146161e-04  -9.9234138211e-04
5.8250000000e+00  3.8100341174e-04  -9.3524522231e-04
5.8500000000e+00  3.5830281209e-04  -8.8131655589e-04
5.8750000000e+00  3.3691259861e-04  -8.3038697211e-04
5.9000000000e+00  3.1675981031e-04  -7.8229656979e-04
5.9250000000e+00  2.9777538158e-04  -7.3689355373e-04
5.9500000000e+00  2.7989394440e-04  -6.9403384882e-04
5.9750000000e+00  2.6305363999e-04  -6.5358073104e-04
6.0000000000e+00  2.4719593946e-04  -6.1540447467e-04
6.0250000000e+00  2.3226547314e-04  -5.7938201520e-04
6.0500000000e+00  2.1820986804e-04  -5.4539662719e-04
6.0750000000e+00  2.0497959332e-04  -5.1333761652e-04
6.1000000000e+00  1.9252781317e-04  -4.8310002652e-04
6.1250000000e+00  1.8081024689e-04  -4.5458435734e-04
6.1500000000e+00  1.6978503590e-04  -4.2769629807e-04
6.1750000000e+00  1.5941261720e-04  -4.0234647107e-04
6.2000000000e+00  1.4965560311e-04  -3.7845018799e-04
6.2250000000e+00  1.4047866698e-04  -3.5592721706e-04
6.2500000000e+00  1.3184843457e-04  -3.3470156109e-04
6.2750000000e+00  1.2373338085e-04  -3.1470124584e-04
6.3000000000e+00  1.1610373199e-04  -2.9585811817e-04
6.3250000000e+00  1.0893137221e-04  -2.7810765374e-04
6.3500000000e+00  1.0218975541e-04  -2.6138877374e-04
6.3750000000e+00  9.5853821228e-05  -2.4564367020e-04
6.4000000000e+00  8.9899915340e-05  -2.3081763971e-04
6.4250000000e+00  8.4305713869e-05  -2.1685892494e-04
6.4500000000e+00  7.9050151618e-05  -2.0371856391e-04
6.4750000000e+00  7.4113354006e-05  -1.9135024629e-04
6.5000000000e+00  6.9476572491e-05  -1.7971017683e-04
6.5250000000e+00  6.5122123336e-05  -1.6875694529e-04
6.5500000000e+00  6.1033329542e-05  -1.5845140273e-04
6.5750000000e+00  5.7194465801e-05  -1.4875654385e-04
6.6000000000e+00  5.3590706312e-05  -1.3963739507e-04
6.6250000000e+00  5.0208075330e-05  -1.3106090816e-04
6.6500000000e+00  4.7033400309e-05  -1.2299585907e-04
6.6750000000e+00  4.4054267506e-05  -1.1541275186e-04
6.7000000000e+00  4.1258979935e-05  -1.0828372728e-04
6.7250000000e+00  3.8636517539e-05  -1.0158247607e-04
6.7500000000e+00  3.6176499480e-05  -9.5284156486e-05
6.7750000000e+00  3.3869148439e-05  -8.9365316047e-05
6.8000000000e+00  3.1705256825e-05  -8.3803817199e-05
6.8250000000e+00  2.9676154783e-05  -7.8578766765e-05
6.8500000000e+00  2.7773679937e-05  -7.3670448973e-05
6.8750000000e+00  2.5990148752e-05  -6.9060261911e-05
6.9000000000e+00  2.4318329449e-05  -6.4730657228e-05
6.9250000000e+00  2.2751416387e-05  -6.0665082945e-05
6.9500000000e+00  2.1283005839e-05  -5.6847929203e-05
6.9750000000e+00  1.9907073085e-05  -5.3264476832e-05
7.0000000000e+00  1.8617950762e-05  -4.9900848578e-05
7.0250000000e+00  1.7410308399e-05  -4.6743962882e-05
7.0500000000e+00  1.6279133075e-05  -4.3781490064e-05
7.0750000000e+00  1.5219711149e-05  -4.1001810816e-05
7.1000000000e+00  1.4227610993e-05  -3.8393976866e-05
7.1250000000e+00  1.3298666690e-05  -3.5947673732e-05
7.1500000000e+00  1.2428962630e-05  -3.3653185437e-05
7.1750000000e+00  1.1614818974e-05  -3.1501361101e-05
7.2000000000e+00  1.0852777919e-05  -2.9483583316e-05
7.2250000000e+00  1.0139590745e-05  -2.7591738210e-05
7.2500000000e+00  9.4722055799e-06  -2.5818187112e-05
7.2750000000e+00  8.8477558594e-06  -2.4155739744e-05
7.3000000000e+00  8.2635494372e-06  -2.2597628859e-05
7.3250000000e+00  7.7170583113e-06  -2.1137486252e-05
7.3500000000e+00  7.2059089345e-06  -1.9769320066e-05
7.3750000000e+00  6.7278730763e-06  -1.8487493342e-05
7.4000000000e+00  6.2808592067e-06  -1.7286703733e-05
7.4250000000e+00  5.8629043722e-06  -1.6161964329e-05
7.4500000000e+00  5.4721665391e-06  -1.5108585537e-05
7.4750000000e+00  5.1069173764e-06  -1.4122157960e-05
7.5000000000e+00  4.7655354549e-06  -1.3198536210e-05
7.5250000000e+00  4.4464998403e-06  -1.2333823633e-05
7.5500000000e+00  4.1483840566e-06  -1.1524357867e-05
7.5750000000e+00  3.8698504010e-06  -1.0766697212e-05
7.6000000000e+00  3.6096445896e-06  -1.0057607760e-05
7.6250000000e+00  3.3665907165e-06  -9.3940512400e-06
7.6500000000e+00  3.1395865068e-06  -8.7731735475e-06
7.6750000000e+00  2.9275988498e-06  -8.1922939213e-06
7.7000000000e+00  2.7296595941e-06  -7.6488947254e-06
7.7250000000e+00  2.5448615910e-06  -7.1406118112e-06
7.7500000000e+00  2.3723549722e-06  -6.6652254245e-06
7.7750000000e+00  2.2113436483e-06  -6.2206516281e-06
7.8000000000e+00  2.0610820150e-06  -5.8049342126e-06
7.8250000000e+00  1.9208718571e-06  -5.4162370685e-06
7.8500000000e+00  1.7900594357e-06  -5.0528369929e-06
7.8750000000e+00  1.6680327521e-06  -4.7131169090e-06
7.9000000000e+00  1.5542189748e-06  -4.3955594727e-06
7.9250000000e+00  1.4480820222e-06  -4.0987410478e-06
7.9500000000e+00  1.3491202920e-06  -3.8213260265e-06
7.9750000000e+00  1.2568645276e-06  -3.5620614772e-06
8.0000000000e+00  1.1708758153e-06  -3.3197721007e-06
8.0250000000e+00  1.0907437030e-06  -3.0933554777e-06
8.0500000000e+00  1.0160844353e-06  -2.8817775904e-06
8.0750000000e+00  9.4653929632e-07  -2.6840686022e-06
8.1000000000e+00  8.8177305537e-07  -2.4993188826e-06
8.1250000000e+00  8.2147250935e-07  -2.3266752598e-06
8.1500000000e+00  7.6534511563e-07  -2.1653374908e-06
8.1750000000e+00  7.1311771095e-07  -2.0145549344e-06
8.2000000000e+00  6.6453531088e-07  -1.8736234156e-06
8.2250000000e+00  6.1935998550e-07  -1.7418822700e-06
8.2500000000e+00  5.7736980683e-07  -1.6187115571e-06
8.2750000000e+00  5.3835786388e-07  -1.5035294323e-06
8.3000000000e+00  5.0213134153e-07  -1.3957896685e-06
8.3250000000e+00  4.6851065964e-07  -1.2949793159e-06
8.3500000000e+00  4.3732866896e-07  -1.2006164945e-06
8.3750000000e+00  4.0842990076e-07  -1.1122483068e-06
8.4000000000e+00  3.8166986708e-07  -1.0294488670e-06
8.4250000000e+00  3.5691440901e-07  -9.5181743486e-07
8.4500000000e+00  3.3403909031e-07  -8.7897665056e-07
8.4750000000e+00  3.1292863402e-07  -8.1057086081e-07
8.5000000000e+00  2.9347639977e-07  -7.4626453125e-07
8.5250000000e+00  2.7558389989e-07  -6.8574073790e-07
8.5500000000e+00  2.5916035218e-07  -6.2869973181e-07
8.5750000000e+00  2.4412226779e-07  -5.7485757082e-07
8.6000000000e+00  2.3039307253e-07  -5.2394481276e-07
8.6250000000e+00  2.1790276008e-07  -4.7570526461e-07
8.6500000000e+00  2.0658757590e-07  -4.2989478202e-07
8.6750000000e+00  1.9638973051e-07  -3.8628011422e-07
8.7000000000e+00  1.8725714118e-07  -3.4463778884e-07
8.7250000000e+00  1.7914320106e-07  -3.0475303188e-07
8.7500000000e+00  1.7200657488e-07  -2.6641871769e-07
8.7750000000e+00  1.6581102059e-07  -2.2943434410e-07
8.8000000000e+00  1.6052523639e-07  -1.9360502762e-07
8.8250000000e+00  1.5612273267e-07  -1.5874051410e-07
8.8500000000e+00  1.5258172848e-07  -1.2465419961e-07
8.8750000000e+00  1.4988507252e-07  -9.1162156706e-08
8.9000000000e+00  1.4802018832e-07  -5.8082160954e-08
8.9250000000e+00  1.4697904395e-07  -2.5232712615e-08
8.9500000000e+00  1.4675814617e-07  7.5679519179e-09
8.9750000000e+00  1.4735855958e-07  4.0502864345e-08
9.0000000000e+00  1.4878595107e-07  7.3757350017e-08
9.0250000000e+00  1.5105066029e-07  1.0752008074e-07
9.0500000000e+00  1.5416779676e-07  1.4198416098e-07
9.0750000000e+00  1.5815736473e-07  1.7734825395e-07
9.1000000000e+00  1.6304441664e-07  2.1381775437e-07
9.1250000000e+00  1.6885923671e-07  2.5160601514e-07
9.1500000000e+00  1.7563755576e-07  2.9093563555e-07
9.1750000000e+00  1.8342079926e-07  3.3203981911e-07
9.2000000000e+00  1.9225637018e-07  3.7516380974e-07
9.2250000000e+00  2.0219796888e-07  4.2056641561e-07
9.2500000000e+00  2.1330595225e-07  4.6852163038e-07
9.2750000000e+00  2.2564773472e-07  5.1932036278e-07
9.3000000000e+00  2.3929823402e-07  5.7327228576e-07
9.3250000000e+00  2.5434036475e-07  6.3070781768e-07
9.3500000000e+00  2.7086558325e-07  6.9198024885e-07
9.3750000000e+00  2.8897448768e-07  7.5746802785e-07
9.4000000000e+00  3.0877747732e-07  8.2757722309e-07
9.4250000000e+00  3.3039547584e-07  9.0274417663e-07
9.4500000000e+00  3.5396072349e-07  9.8343836827e-07
9.4750000000e+00  3.7961764371e-07  1.0701655100e-06
9.5000000000e+00  4.0752379020e-07  1.1634708922e-06
9.5250000000e+00  4.3785088108e-07  1.2639430042e-06
9.5500000000e+00  4.7078592720e-07  1.3722174562e-06
9.5750000000e+00  5.0653246255e-07  1.4889812279e-06
9.6000000000e+00  5.4531188534e-07  1.6149772756e-06
9.6250000000e+00  5.8736491900e-07  1.7510095291e-06
9.6500000000e+00  6.3295320340e-07  1.8979483140e-06
9.6750000000e+00  6.8236102728e-07  2.0567362388e-06
9.7000000000e+00  7.3589721415e-07  2.2283945869e-06
9.7250000000e+00  7.9389717478e-07  2.4140302614e-06
9.7500000000e+00  8.5672514067e-07  2.6148433295e-06
9.7750000000e+00  9.2477659426e-07  2.8321352241e-06
9.8000000000e+00  9.9848091294e-07  3.0673176580e-06
9.8250000000e+00  1.0783042455e-06  3.3219223177e-06
9.8500000000e+00  1.1647526415e-06  3.5976114047e-06
9.8750000000e+00  1.2583754553e-06  3.8961891029e-06
9.9000000000e+00  1.3597690495e-06  4.2196140520e-06
9.9250000000e+00  1.4695808235e-06  4.5700129212e-06
9.9500000000e+00  1.5885135964e-06  4.9496951791e-06
9.9750000000e+00  1.7173303749e-06  5.3611691693e-06
1.0000000000e+01  1.8568595410e-06  5.8071596086e-06


-1.0000000000e+01 1.0000000000e+00
-9.9750000000e+00 1.6319392071e+00
-9.9500000000e+00 2.2537042932e+00
-9.9250000000e+00 2.8614541557e+00
-9.9000000000e+00 3.4514540604e+00
-9.8750000000e+00 4.0200980931e+00
-9.8500000000e+00 4.5639305829e+00
-9.8250000000e+00 5.0796663751e+00
-9.8000000000e+00 5.5642098409e+00
-9.7750000000e+00 6.0146725214e+00
-9.7500000000e+00 6.4283893120e+00
-9.7250000000e+00 6.8029331053e+00
-9.7000000000e+00 7.1361278207e+00
-9.6750000000e+00 7.4260597612e+00
-9.6500000000e+00 7.6710872467e+00
-9.6250000000e+00 7.8698484871e+00
-9.6000000000e+00 8.0212676703e+00
-9.5750000000e+00 8.1245592474e+00
-9.5500000000e+00 8.1792304153e+00
-9.5250000000e+00 8.1850818016e+00
-9.5000000000e+00 8.1422063729e+00
-9.4750000000e+00 8.0509865938e+00
-9.4500000000e+00 7.9120898785e+00
-9.4250000000e+00 7.7264623823e+00
-9.4000000000e+00 7.4953211937e+00
-9.3750000000e+00 7.2201449930e+00
-9.3500000000e+00 6.9026632553e+00
-9.3250000000e+00 6.5448440791e+00
-9.3000000000e+00 6.1488807336e+00
-9.2750000000e+00 5.7171770188e+00
-9.2500000000e+00 5.2523315435e+00
-9.2250000000e+00 4.7571210265e+00
-9.2000000000e+00 4.2344827335e+00
-9.1750000000e+00 3.6874961648e+00
-9.1500000000e+00 3.1193641103e+00
-9.1250000000e+00 2.5333931923e+00
-9.1000000000e+00 1.9329740162e+00
-9.0750000000e+00 1.3215610504e+00
-9.0500000000e+00 7.0265235558e-01
-9.0250000000e+00 7.9769283327e-02
-9.0000000000e+00 -5.4356373754e-01
-8.9750000000e+00 -1.1638392124e+00
-8.9500000000e+00 -1.7775862766e+00
-8.9250000000e+00 -2.3813899677e+00
-8.9000000000e+00 -2.9719099678e+00
-8.8750000000e+00 -3.5458987187e+00
-8.8500000000e+00 -4.1002188126e+00
-8.8250000000e+00 -4.6318595713e+00
-8.8000000000e+00 -5.1379527295e+00
-8.7750000000e+00 -5.6157871477e+00
-8.7500000000e+00 -6.0628224832e+00
-8.7250000000e+00 -6.4767017583e+00
-8.7000000000e+00 -6.8552627692e+00
-8.6750000000e+00 -7.1965482887e+00
-8.6500000000e+00 -7.4988150229e+00
-8.6250000000e+00 -7.7605412885e+00
-8.6000000000e+00 -7.9804333862e+00
-8.5750000000e+00 -8.1574306544e+00
-8.5500000000e+00 -8.2907091927e+00
-8.5250000000e+00 -8.3796842537e+00
-8.5000000000e+00 -8.4240113096e+00
-8.4750000000e+00 -8.4235858054e+00
-8.4500000000e+00 -8.3785416201e+00
-8.4250000000e+00 -8.2892482619e+00
-8.4000000000e+00 -8.1563068309e+00
-8.3750000000e+00 -7.9805447889e+00
-8.3500000000e+00 -7.7630095829e+00
-8.3250000000e+00 -7.5049611706e+00
-8.3000000000e+00 -7.2078635071e+00
-8.2750000000e+00 -6.8733750518e+00
-8.2500000000e+00 -6.5033383598e+00
-8.2250000000e+00 -6.0997688295e+00
-8.2000000000e+00 -5.6648426750e+00
-8.1750000000e+00 -5.2008842017e+00
-8.1500000000e+00 -4.7103524608e+00
-8.1250000000e+00 -4.1958273620e+00
-8.1000000000e+00 -3.6599953274e+00
-8.0750000000e+00 -3.1056345665e+00
-8.0500000000e+00 -2.5356000560e+00
-8.0250000000e+00 -1.9528083079e+00
-8.0000000000e+00 -1.3602220055e+00
-7.9750000000e+00 -7.6083459312e-01
-7.9500000000e+00 -1.5765489581e-01
-7.9250000000e+00 4.4630814926e-01
-7.9000000000e+00 1.0480605743e+00
-7.8750000000e+00 1.6446382002e+00
-7.8500000000e+00 2.2331211225e+00
-7.8250000000e+00 2.8106477943e+00
-7.8000000000e+00 3.3744286417e+00
-7.7750000000e+00 3.9217591495e+00
-7.7500000000e+00 4.4500323589e+00
-7.7250000000e+00 4.9567507241e+00
-7.7000000000e+00 5.4395372772e+00
-7.6750000000e+00 5.8961460571e+00
-7.6500000000e+00 6.3244717615e+00
-7.6250000000e+00 6.7225585852e+00
-7.6000000000e+00 7.0886082157e+00
-7.5750000000e+00 7.4209869571e+00
-7.5500000000e+00 7.7182319634e+00
-7.5250000000e+00 7.9790565626e+00
-7.5000000000e+00 8.2023546615e+00
-7.4750000000e+00 8.3872042228e+00
-7.4500000000e+00 8.5328698145e+00
-7.4250000000e+00 8.6388042310e+00
-7.4000000000e+00 8.7046491967e+00
-7.3750000000e+00 8.7302351599e+00
-7.3500000000e+00 8.7155801953e+00
-7.3250000000e+00 8.6608880342e+00
-7.3000000000e+00 8.5665452451e+00
-7.2750000000e+00 8.4331175933e+00
-7.2500000000e+00 8.2613456100e+00
-7.2250000000e+00 8.0521394044e+00
-7.2000000000e+00 7.8065727567e+00
-7.1750000000e+00 7.5258765317e+00
-7.1500000000e+00 7.2114314541e+00
-7.1250000000e+00 6.8647602922e+00
-7.1000000000e+00 6.4875194946e+00
-7.0750000000e+00 6.0814903292e+00
-7.0500000000e+00 5.6485695738e+00
-7.0250000000e+00 5.1907598087e+00
-7.0000000000e+00 4.7101593638e+00
-6.9750000000e+00 4.2089519718e+00
-6.9500000000e+00 3.6893961797e+00
-6.9250000000e+00 3.1538145729e+00
-6.9000000000e+00 2.6045828625e+00
-6.8750000000e+00 2.0441188884e+00
-6.8500000000e+00 1.4748715910e+00
-6.8250000000e+00 8.9930999965e-01
-6.8000000000e+00 3.1991228905e-01
-6.7750000000e+00 -2.6084504879e-01
-6.7500000000e+00 -8.4049787087e-01
-6.7250000000e+00 -1.4166048426e+00
-6.7000000000e+00 -1.9867576470e+00
-6.6750000000e+00 -2.5485909038e+00
-6.6500000000e+00 -3.0997917580e+00
-6.6250000000e+00 -3.6381091026e+00
-6.6000000000e+00 -4.1613624017e+00
-6.5750000000e+00 -4.6674500810e+00
-6.5500000000e+00 -5.1543574575e+00
-6.5250000000e+00 -5.6201641832e+00
-6.5000000000e+00 -6.0630511769e+00
-6.4750000000e+00 -6.4813070251e+00
-6.4500000000e+00 -6.8733338340e+00
-6.4250000000e+00 -7.2376525159e+00
-6.4000000000e+00 -7.5729074994e+00
-6.3750000000e+00 -7.8778708528e+00
-6.3500000000e+00 -8.1514458146e+00
-6.3250000000e+00 -8.3926697259e+00
-6.3000000000e+00 -8.6007163646e+00
-6.2750000000e+00 -8.7748976826e+00
-6.2500000000e+00 -8.9146649488e+00
-6.2250000000e+00 -9.0196093050e+00
-6.2000000000e+00 -9.0894617438e+00
-6.1750000000e+00 -9.1240925183e+00
-6.1500000000e+00 -9.1235099982e+00
-6.1250000000e+00 -9.0878589866e+00
-6.1000000000e+00 -9.0174185148e+00
-6.0750000000e+00 -8.9125991350e+00
-6.0500000000e+00 -8.7739397303e+00
-6.0250000000e+00 -8.6021038659e+00
-6.0000000000e+00 -8.3978757042e+00
-5.9750000000e+00 -8.1621555087e+00
-5.9500000000e+00 -7.8959547636e+00
-5.9250000000e+00 -7.6003909368e+00
-5.9000000000e+00 -7.2766819122e+00
-5.8750000000e+00 -6.9261401232e+00
-5.8500000000e+00 -6.5501664133e+00
-5.8250000000e+00 -6.1502436575e+00
-5.8000000000e+00 -5.7279301709e+00
-5.7750000000e+00 -5.2848529374e+00
-5.7500000000e+00 -4.8227006879e+00
-5.7250000000e+00 -4.3432168578e+00
-5.7000000000e+00 -3.8481924548e+00
-5.6750000000e+00 -3.3394588662e+00
-5.6500000000e+00 -2.8188806345e+00
-5.6250000000e+00 -2.2883482305e+00
-5.6000000000e+00 -1.7497708522e+00
-5.5750000000e+00 -1.2050692760e+00
-5.5500000000e+00 -6.5616878654e-01
-5.5250000000e+00 -1.0499221158e-01
-5.5000000000e+00 4.4654691461e-01
-5.4750000000e+00 9.9655103578e-01
-5.4500000000e+00 1.5431450839e+00
-5.4250000000e+00 2.0844827940e+00
-5.4000000000e+00 2.6187528047e+00
-5.3750000000e+00 3.1441845247e+00
-5.3500000000e+00 3.6590537497e+00
-5.3250000000e+00 4.1616880138e+00
-5.3000000000e+00 4.6504716600e+00
-5.2750000000e+00 5.1238506188e+00
-5.2500000000e+00 5.5803368826e+00
-5.2250000000e+00 6.0185126660e+00
-5.2000000000e+00 6.4370342440e+00
-5.1750000000e+00 6.8346354607e+00
-5.1500000000e+00 7.2101309033e+00
-5.1250000000e+00 7.5624187370e+00
-5.1000000000e+00 7.8904831983e+00
-5.0750000000e+00 8.1933967444e+00
-5.0500000000e+00 8.4703218601e+00
-5.0250000000e+00 8.7205125225e+00
-5.0000000000e+00 8.9433153252e+00
-4.9750000000e+00 9.1381702676e+00
-4.9500000000e+00 9.3046112118e+00
-4.9250000000e+00 9.4422660150e+00
-4.9000000000e+00 9.5508563432e+00
-4.8750000000e+00 9.6301971738e+00
-4.8500000000e+00 9.6801959974e+00
-4.8250000000e+00 9.7008517269e+00
-4.8000000000e+00 9.6922533254e+00
-4.7750000000e+00 9.6545781639e+00
-4.7500000000e+00 9.5880901207e+00
-4.7250000000e+00 9.4931374350e+00
-4.7000000000e+00 9.3701503277e+00
-4.6750000000e+00 9.2196384039e+00
-4.6500000000e+00 9.0421878492e+00
-4.6250000000e+00 8.8384584359e+00
-4.6000000000e+00 8.6091803538e+00
-4.5750000000e+00 8.3551508782e+00
-4.5500000000e+00 8.0772308930e+00
-4.5250000000e+00 7.7763412825e+00
-4.5000000000e+00 7.4534592067e+00
-4.4750000000e+00 7.1096142770e+00
-4.4500000000e+00 6.7458846448e+00
-4.4250000000e+00 6.3633930210e+00
-4.4000000000e+00 5.9633026383e+00
-4.3750000000e+00 5.5468131734e+00
-4.3500000000e+00 5.1151566412e+00
-4.3250000000e+00 4.6695932769e+00
-4.3000000000e+00 4.2114074182e+00
-4.2750000000e+00 3.7419034021e+00
-4.2500000000e+00 3.2624014879e+00
-4.2250000000e+00 2.7742338197e+00
-4.2000000000e+00 2.2787404404e+00
-4.1750000000e+00 1.7772653674e+00
-4.1500000000e+00 1.2711527425e+00
-4.1250000000e+00 7.6174306526e-01
-4.1000000000e+00 2.5036951916e-01
-4.0750000000e+00 -2.6164559883e-01
-4.0500000000e+00 -7.7299433819e-01
-4.0250000000e+00 -1.2823864356e+00
-4.0000000000e+00 -1.7885525297e+00
-3.9750000000e+00 -2.2902472424e+00
-3.9500000000e+00 -2.7862521222e+00
-3.9250000000e+00 -3.2753784420e+00
-3.9000000000e+00 -3.7564698491e+00
-3.8750000000e+00 -4.2284048609e+00
-3.8500000000e+00 -4.6900992047e+00
-3.8250000000e+00 -5.1405079973e+00
-3.8000000000e+00 -5.5786277629e+00
-3.7750000000e+00 -6.0034982877e+00
-3.7500000000e+00 -6.4142043086e+00
-3.7250000000e+00 -6.8098770382e+00
-3.7000000000e+00 -7.1896955228e+00
-3.6750000000e+00 -7.5528878366e+00
-3.6500000000e+00 -7.8987321110e+00
-3.6250000000e+00 -8.2265574029e+00
-3.6000000000e+00 -8.5357444006e+00
-3.5750000000e+00 -8.8257259734e+00
-3.5500000000e+00 -9.0959875648e+00
-3.5250000000e+00 -9.3460674337e+00
-3.5000000000e+00 -9.5755567479e+00
-3.4750000000e+00 -9.7840995316e+00
-3.4500000000e+00 -9.9713924742e+00
-3.4250000000e+00 -1.0137184602e+01
-3.4000000000e+00 -1.0281276819e+01
-3.3750000000e+00 -1.0403521322e+01
-3.3500000000e+00 -1.0503820898e+01
-3.3250000000e+00 -1.0582128099e+01
-3.3000000000e+00 -1.0638444314e+01
-3.2750000000e+00 -1.0672818739e+01
-3.2500000000e+00 -1.0685347237e+01
-3.2250000000e+00 -1.0676171124e+01
-3.2000000000e+00 -1.0645475854e+01
-3.1750000000e+00 -1.0593489631e+01
-3.1500000000e+00 -1.0520481953e+01
-3.1250000000e+00 -1.0426762076e+01
-3.1000000000e+00 -1.0312677430e+01
-3.0750000000e+00 -1.0178611970e+01
-3.0500000000e+00 -1.0024984491e+01
-3.0250000000e+00 -9.8522468855e+00
-3.0000000000e+00 -9.6608823755e+00
-2.9750000000e+00 -9.4514037110e+00
-2.9500000000e+00 -9.2243513427e+00
-2.9250000000e+00 -8.9802915766e+00
-2.9000000000e+00 -8.7198147150e+00
-2.8750000000e+00 -8.4435331892e+00
-2.8500000000e+00 -8.1520796898e+00
-2.8250000000e+00 -7.8461052983e+00
-2.8000000000e+00 -7.5262776272e+00
-2.7750000000e+00 -7.1932789703e+00
-2.7500000000e+00 -6.8478044702e+00
-2.7250000000e+00 -6.4905603061e+00
-2.7000000000e+00 -6.1222619065e+00
-2.6750000000e+00 -5.7436321899e+00
-2.6500000000e+00 -5.3553998383e+00
-2.6250000000e+00 -4.9582976056e+00
-2.6000000000e+00 -4.5530606660e+00
-2.5750000000e+00 -4.1404250028e+00
-2.5500000000e+00 -3.7211258431e+00
-2.5250000000e+00 -3.2958961391e+00
-2.5000000000e+00 -2.8654650990e+00
-2.4750000000e+00 -2.4305567696e+00
-2.4500000000e+00 -1.9918886728e+00
-2.4250000000e+00 -1.5501704964e+00
-2.4000000000e+00 -1.1061028429e+00
-2.3750000000e+00 -6.6037603513e-01
-2.3500000000e+00 -2.1366898167e-01
-2.3250000000e+00 2.3335189811e-01
-2.3000000000e+00 6.8003368841e-01
-2.2750000000e+00 1.1257379303e+00
-2.2500000000e+00 1.5698415135e+00
-2.2250000000e+00 2.0117375072e+00
-2.2000000000e+00 2.4508359283e+00
-2.1750000000e+00 2.8865644501e+00
-2.1500000000e+00 3.3183690483e+00
-2.1250000000e+00 3.7457145881e+00
-2.1000000000e+00 4.1680853507e+00
-2.0750000000e+00 4.5849855013e+00
-2.0500000000e+00 4.9959394988e+00
-2.0250000000e+00 5.4004924488e+00
-2.0000000000e+00 5.7982104006e+00
-1.9750000000e+00 6.1886805894e+00
-1.9500000000e+00 6.5715116255e+00
-1.9250000000e+00 6.9463336319e+00
-1.9000000000e+00 7.3127983306e+00
-1.8750000000e+00 7.6705790813e+00
-1.8500000000e+00 8.0193708722e+00
-1.8250000000e+00 8.3588902655e+00
-1.8000000000e+00 8.6888752995e+00
-1.7750000000e+00 9.0090853489e+00
-1.7500000000e+00 9.3193009442e+00
-1.7250000000e+00 9.6193235541e+00
-1.7000000000e+00 9.9089753308e+00
-1.6750000000e+00 1.0188098821e+01
-1.6500000000e+00 1.0456556646e+01
-1.6250000000e+00 1.0714231146e+01
-1.6000000000e+00 1.0961024005e+01
-1.5750000000e+00 1.1196855841e+01
-1.5500000000e+00 1.1421665771e+01
-1.5250000000e+00 1.1635410963e+01
-1.5000000000e+00 1.1838066154e+01
-1.4750000000e+00 1.2029623157e+01
-1.4500000000e+00 1.2210090352e+01
-1.4250000000e+00 1.2379492152e+01
-1.4000000000e+00 1.2537868467e+01
-1.3750000000e+00 1.2685274148e+01
-1.3500000000e+00 1.2821778421e+01
-1.3250000000e+00 1.2947464318e+01
-1.3000000000e+00 1.3062428096e+01
-1.2750000000e+00 1.3166778652e+01
-1.2500000000e+00 1.3260636931e+01
-1.2250000000e+00 1.3344135337e+01
-1.2000000000e+00 1.3417417139e+01
-1.1750000000e+00 1.3480635879e+01
-1.1500000000e+00 1.3533954777e+01
-1.1250000000e+00 1.3577546145e+01
-1.1000000000e+00 1.3611590800e+01
-1.0750000000e+00 1.3636277487e+01
-1.0500000000e+00 1.3651802300e+01
-1.0250000000e+00 1.3658368118e+01
-1.0000000000e+00 1.3656184044e+01
-9.7500000000e-01 1.3645464854e+01
-9.5000000000e-01 1.3626430460e+01
-9.2500000000e-01 1.3599305372e+01
-9.0000000000e-01 1.3564318186e+01
-8.7500000000e-01 1.3521701071e+01
-8.5000000000e-01 1.3471689276e+01
-8.2500000000e-01 1.3414520646e+01
-8.0000000000e-01 1.3350435153e+01
-7.7500000000e-01 1.3279674443e+01
-7.5000000000e-01 1.3202481391e+01
-7.2500000000e-01 1.3119099676e+01
-7.0000000000e-01 1.3029773368e+01
-6.7500000000e-01 1.2934746535e+01
-6.5000000000e-01 1.2834262856e+01
-6.2500000000e-01 1.2728565257e+01
-6.0000000000e-01 1.2617895562e+01
-5.7500000000e-01 1.2502494157e+01
-5.5000000000e-01 1.2382599667e+01
-5.2500000000e-01 1.2258448660e+01
-5.0000000000e-01 1.2130275348e+01
-4.7500000000e-01 1.1998311326e+01
-4.5000000000e-01 1.1862785305e+01
-4.2500000000e-01 1.1723922875e+01
-4.0000000000e-01 1.1581946279e+01
-3.7500000000e-01 1.1437074196e+01
-3.5000000000e-01 1.1289521548e+01
-3.2500000000e-01 1.1139499318e+01
-3.0000000000e-01 1.0987214377e+01
-2.7500000000e-01 1.0832869334e+01
-2.5000000000e-01 1.0676662391e+01
-2.2500000000e-01 1.0518787219e+01
-2.0000000000e-01 1.0359432843e+01
-1.7500000000e-01 1.0198783538e+01
-1.5000000000e-01 1.0037018741e+01
-1.2500000000e-01 9.8743129733e+00
-1.0000000000e-01 9.7108357751e+00
-7.5000000000e-02 9.5467516496e+00
-5.0000000000e-02 9.3822200201e+00
-2.5000000000e-02 9.2173951962e+00
5.5511151231e-16 9.0524263506e+00
2.5000000000e-02 8.8874575049e+00
5.0000000000e-02 8.7226275258e+00
7.5000000000e-02 8.5580701287e+00
1.0000000000e-01 8.3939138912e+00
1.2500000000e-01 8.2302822734e+00
1.5000000000e-01 8.0672936463e+00
1.7500000000e-01 7.9050613280e+00
2.0000000000e-01 7.7436936258e+00
2.2500000000e-01 7.5832938853e+00
2.5000000000e-01 7.4239605455e+00
2.7500000000e-01 7.2657871995e+00
3.0000000000e-01 7.1088626607e+00
3.2500000000e-01 6.9532710337e+00
3.5000000000e-01 6.7990917898e+00
3.7500000000e-01 6.6463998473e+00
4.0000000000e-01 6.4952656547e+00
4.2500000000e-01 6.3457552785e+00
4.5000000000e-01 6.1979304936e+00
4.7500000000e-01 6.0518488767e+00
5.0000000000e-01 5.9075639023e+00
5.2500000000e-01 5.7651250417e+00
5.5000000000e-01 5.6245778628e+00
5.7500000000e-01 5.4859641325e+00
6.0000000000e-01 5.3493219205e+00
6.2500000000e-01 5.2146857043e+00
6.5000000000e-01 5.0820864747e+00
6.7500000000e-01 4.9515518427e+00
7.0000000000e-01 4.8231061466e+00
7.2500000000e-01 4.6967705595e+00
7.5000000000e-01 4.5725631965e+00
7.7500000000e-01 4.4504992225e+00
8.0000000000e-01 4.3305909591e+00
8.2500000000e-01 4.2128479912e+00
8.5000000000e-01 4.0972772730e+00
8.7500000000e-01 3.9838832334e+00
9.0000000000e-01 3.8726678799e+00
9.2500000000e-01 3.7636309021e+00
9.5000000000e-01 3.6567697734e+00
9.7500000000e-01 3.5520798518e+00
1.0000000000e+00 3.4495544788e+00
1.0250000000e+00 3.3491850774e+00
1.0500000000e+00 3.2509612476e+00
1.0750000000e+00 3.1548708612e+00
1.1000000000e+00 3.0609001537e+00
1.1250000000e+00 2.9690338150e+00
1.1500000000e+00 2.8792550781e+00
1.1750000000e+00 2.7915458059e+00
1.2000000000e+00 2.7058865752e+00
1.2250000000e+00 2.6222567593e+00
1.2500000000e+00 2.5406346088e+00
1.2750000000e+00 2.4609973291e+00
1.3000000000e+00 2.3833211567e+00
1.3250000000e+00 2.3075814326e+00
1.3500000000e+00 2.2337526745e+00
1.3750000000e+00 2.1618086452e+00
1.4000000000e+00 2.0917224201e+00
1.4250000000e+00 2.0234664522e+00
1.4500000000e+00 1.9570126341e+00
1.4750000000e+00 1.8923323587e+00
1.5000000000e+00 1.8293965772e+00
1.5250000000e+00 1.7681758550e+00
1.5500000000e+00 1.7086404254e+00
1.5750000000e+00 1.6507602412e+00
1.6000000000e+00 1.5945050241e+00
1.6250000000e+00 1.5398443120e+00
1.6500000000e+00 1.4867475044e+00
1.6750000000e+00 1.4351839051e+00
1.7000000000e+00 1.3851227639e+00
1.7250000000e+00 1.3365333157e+00
1.7500000000e+00 1.2893848174e+00
1.7750000000e+00 1.2436465838e+00
1.8000000000e+00 1.1992880206e+00
1.8250000000e+00 1.1562786565e+00
1.8500000000e+00 1.1145881727e+00
1.8750000000e+00 1.0741864315e+00
1.9000000000e+00 1.0350435024e+00
1.9250000000e+00 9.9712968760e-01
1.9500000000e+00 9.6041554441e-01
1.9750000000e+00 9.2487190766e-01
2.0000000000e+00 8.9046990967e-01
2.0250000000e+00 8.5718099907e-01
2.0500000000e+00 8.2497695817e-01
2.0750000000e+00 7.9382991900e-01
2.1000000000e+00 7.6371237800e-01
2.1250000000e+00 7.3459720951e-01
2.1500000000e+00 7.0645767793e-01
2.1750000000e+00 6.7926744885e-01
2.2000000000e+00 6.5300059896e-01
2.2250000000e+00 6.2763162490e-01
2.2500000000e+00 6.0313545107e-01
2.2750000000e+00 5.7948743646e-01
2.3000000000e+00 5.5666338055e-01
2.3250000000e+00 5.3463952825e-01
2.3500000000e+00 5.1339257402e-01
2.3750000000e+00 4.9289966513e-01
2.4000000000e+00 4.7313840418e-01
2.4250000000e+00 4.5408685083e-01
2.4500000000e+00 4.3572352287e-01
2.4750000000e+00 4.1802739656e-01
2.5000000000e+00 4.0097790637e-01
2.5250000000e+00 3.8455494416e-01
2.5500000000e+00 3.6873885772e-01
2.5750000000e+00 3.5351044884e-01
2.6000000000e+00 3.3885097084e-01
2.6250000000e+00 3.2474212566e-01
2.6500000000e+00 3.1116606053e-01
2.6750000000e+00 2.9810536419e-01
2.7000000000e+00 2.8554306276e-01
2.7250000000e+00 2.7346261524e-01
2.7500000000e+00 2.6184790875e-01
2.7750000000e+00 2.5068325334e-01
2.8000000000e+00 2.3995337670e-01
2.8250000000e+00 2.2964341847e-01
2.8500000000e+00 2.1973892441e-01
2.8750000000e+00 2.1022584030e-01
2.9000000000e+00 2.0109050575e-01
2.9250000000e+00 1.9231964774e-01
2.9500000000e+00 1.8390037408e-01
2.9750000000e+00 1.7582016674e-01
3.0000000000e+00 1.6806687503e-01
3.0250000000e+00 1.6062870870e-01
3.0500000000e+00 1.5349423103e-01
3.0750000000e+00 1.4665235173e-01
3.1000000000e+00 1.4009231992e-01
3.1250000000e+00 1.3380371698e-01
3.1500000000e+00 1.2777644943e-01
3.1750000000e+00 1.2200074176e-01
3.2000000000e+00 1.1646712932e-01
3.2250000000e+00 1.1116645113e-01
3.2500000000e+00 1.0608984282e-01
3.2750000000e+00 1.0122872950e-01
3.3000000000e+00 9.6574818744e-02
3.3250000000e+00 9.2120093547e-02
3.3500000000e+00 8.7856805420e-02
3.3750000000e+00 8.3777467479e-02
3.4000000000e+00 7.9874847633e-02
3.4250000000e+00 7.6141961839e-02
3.4500000000e+00 7.2572067432e-02
3.4750000000e+00 6.9158656545e-02
3.5000000000e+00 6.5895449615e-02
3.5250000000e+00 6.2776388981e-02
3.5500000000e+00 5.9795632579e-02
3.5750000000e+00 5.6947547737e-02
3.6000000000e+00 5.4226705073e-02
3.6250000000e+00 5.1627872494e-02
3.6500000000e+00 4.9146009314e-02
3.6750000000e+00 4.6776260468e-02
3.7000000000e+00 4.4513950845e-02
3.7250000000e+00 4.2354579733e-02
3.7500000000e+00 4.0293815378e-02
3.7750000000e+00 3.8327489652e-02
3.8000000000e+00 3.6451592847e-02
3.8250000000e+00 3.4662268575e-02
3.8500000000e+00 3.2955808789e-02
3.8750000000e+00 3.1328648917e-02
3.9000000000e+00 2.9777363118e-02
3.9250000000e+00 2.8298659641e-02
3.9500000000e+00 2.6889376313e-02
3.9750000000e+00 2.5546476133e-02
4.0000000000e+00 2.4267042980e-02
4.0250000000e+00 2.3048277434e-02
4.0500000000e+00 2.1887492711e-02
4.0750000000e+00 2.0782110704e-02
4.1000000000e+00 1.9729658136e-02
4.1250000000e+00 1.8727762816e-02
4.1500000000e+00 1.7774150010e-02
4.1750000000e+00 1.6866638905e-02
4.2000000000e+00 1.6003139186e-02
4.2250000000e+00 1.5181647708e-02
4.2500000000e+00 1.4400245268e-02
4.2750000000e+00 1.3657093480e-02
4.3000000000e+00 1.2950431738e-02
4.3250000000e+00 1.2278574281e-02
4.3500000000e+00 1.1639907346e-02
4.3750000000e+00 1.1032886409e-02
4.4000000000e+00 1.0456033520e-02
4.4250000000e+00 9.9079347239e-03
4.4500000000e+00 9.3872375595e-03
4.4750000000e+00 8.8926486496e-03
4.5000000000e+00 8.4229313664e-03
4.5250000000e+00 7.9769035777e-03
4.5500000000e+00 7.5534354694e-03
4.5750000000e+00 7.1514474432e-03
4.6000000000e+00 6.7699080870e-03
4.6250000000e+00 6.4078322166e-03
4.6500000000e+00 6.0642789862e-03
4.6750000000e+00 5.7383500666e-03
4.7000000000e+00 5.4291878886e-03
4.7250000000e+00 5.1359739501e-03
4.7500000000e+00 4.8579271846e-03
4.7750000000e+00 4.5943023904e-03
4.8000000000e+00 4.3443887174e-03
4.8250000000e+00 4.1075082106e-03
4.8500000000e+00 3.8830144082e-03
4.8750000000e+00 3.6702909933e-03
4.9000000000e+00 3.4687504962e-03
4.9250000000e+00 3.2778330475e-03
4.9500000000e+00 3.0970051786e-03
4.9750000000e+00 2.9257586696e-03
5.0000000000e+00 2.7636094414e-03
5.0250000000e+00 2.6100964927e-03
5.0500000000e+00 2.4647808783e-03
5.0750000000e+00 2.3272447285e-03
5.1000000000e+00 2.1970903081e-03
5.1250000000e+00 2.0739391131e-03
5.1500000000e+00 1.9574310043e-03
5.1750000000e+00 1.8472233765e-03
5.2000000000e+00 1.7429903619e-03
5.2250000000e+00 1.6444220659e-03
5.2500000000e+00 1.5512238358e-03
5.2750000000e+00 1.4631155588e-03
5.3000000000e+00 1.3798309910e-03
5.3250000000e+00 1.3011171133e-03
5.3500000000e+00 1.2267335160e-03
5.3750000000e+00 1.1564518089e-03
5.4000000000e+00 1.0900550571e-03
5.4250000000e+00 1.0273372411e-03
5.4500000000e+00 9.6810274043e-04
5.4750000000e+00 9.1216583973e-04
5.5000000000e+00 8.5935025652e-04
5.5250000000e+00 8.0948868982e-04
5.5500000000e+00 7.6242238874e-04
5.5750000000e+00 7.1800074033e-04
5.6000000000e+00 6.7608087574e-04
5.6250000000e+00 6.3652729423e-04
5.6500000000e+00 5.9921150398e-04
5.6750000000e+00 5.6401167935e-04
5.7000000000e+00 5.3081233365e-04
5.7250000000e+00 4.9950400689e-04
5.7500000000e+00 4.6998296790e-04
5.7750000000e+00 4.4215093020e-04
5.8000000000e+00 4.1591478102e-04
5.8250000000e+00 3.9118632292e-04
5.8500000000e+00 3.6788202752e-04
5.8750000000e+00 3.4592280079e-04
5.9000000000e+00 3.2523375934e-04
5.9250000000e+00 3.0574401738e-04
5.9500000000e+00 2.8738648374e-04
5.9750000000e+00 2.7009766858e-04
6.0000000000e+00 2.5381749940e-04
6.0250000000e+00 2.3848914585e-04
6.0500000000e+00 2.2405885298e-04
6.0750000000e+00 2.1047578265e-04
6.1000000000e+00 1.9769186256e-04
6.1250000000e+00 1.8566164270e-04
6.1500000000e+00 1.7434215881e-04
6.1750000000e+00 1.6369280259e-04
6.2000000000e+00 1.5367519829e-04
6.2250000000e+00 1.4425308537e-04
6.2500000000e+00 1.3539220712e-04
6.2750000000e+00 1.2706020468e-04
6.3000000000e+00 1.1922651648e-04
6.3250000000e+00 1.1186228268e-04
6.3500000000e+00 1.0494025447e-04
6.3750000000e+00 9.8434707902e-05
6.4000000000e+00 9.2321362118e-05
6.4250000000e+00 8.6577301783e-05
6.4500000000e+00 8.1180903426e-05
6.4750000000e+00 7.6111765585e-05
6.5000000000e+00 7.1350642546e-05
6.5250000000e+00 6.6879381492e-05
6.5500000000e+00 6.2680862915e-05
6.5750000000e+00 5.8738944121e-05
6.6000000000e+00 5.5038405676e-05
6.6250000000e+00 5.1564900654e-05
6.6500000000e+00 4.8304906549e-05
6.6750000000e+00 4.5245679712e-05
6.7000000000e+00 4.2375212194e-05
6.7250000000e+00 3.9682190878e-05
6.7500000000e+00 3.7155958771e-05
6.7750000000e+00 3.4786478364e-05
6.8000000000e+00 3.2564296952e-05
6.8250000000e+00 3.0480513801e-05
6.8500000000e+00 2.8526749093e-05
6.8750000000e+00 2.6695114529e-05
6.9000000000e+00 2.4978185535e-05
6.9250000000e+00 2.3368974967e-05
6.9500000000e+00 2.1860908243e-05
6.9750000000e+00 2.0447799839e-05
7.0000000000e+00 1.9123831063e-05
7.0250000000e+00 1.7883529048e-05
7.0500000000e+00 1.6721746902e-05
7.0750000000e+00 1.5633644954e-05
7.1000000000e+00 1.4614673029e-05
7.1250000000e+00 1.3660553716e-05
7.1500000000e+00 1.2767266556e-05
7.1750000000e+00 1.1931033119e-05
7.2000000000e+00 1.1148302908e-05
7.2250000000e+00 1.0415740061e-05
7.2500000000e+00 9.7302107895e-06
7.2750000000e+00 9.0887715357e-06
7.3000000000e+00 8.4886577901e-06
7.3250000000e+00 7.9272735456e-06
7.3500000000e+00 7.4021813504e-06
7.3750000000e+00 6.9110929257e-06
7.4000000000e+00 6.4518603199e-06
7.4250000000e+00 6.0224675682e-06
7.4500000000e+00 5.6210228300e-06
7.4750000000e+00 5.2457509793e-06
7.5000000000e+00 4.8949866216e-06
7.5250000000e+00 4.5671675136e-06
7.5500000000e+00 4.2608283653e-06
7.5750000000e+00 3.9745950008e-06
7.6000000000e+00 3.7071788596e-06
7.6250000000e+00 3.4573718180e-06
7.6500000000e+00 3.2240413139e-06
7.6750000000e+00 3.0061257573e-06
7.7000000000e+00 2.8026302103e-06
7.7250000000e+00 2.6126223211e-06
7.7500000000e+00 2.4352284991e-06
7.7750000000e+00 2.2696303151e-06
7.8000000000e+00 2.1150611159e-06
7.8250000000e+00 1.9708028397e-06
7.8500000000e+00 1.8361830211e-06
7.8750000000e+00 1.7105719755e-06
7.9000000000e+00 1.5933801513e-06
7.9250000000e+00 1.4840556416e-06
7.9500000000e+00 1.3820818450e-06
7.9750000000e+00 1.2869752675e-06
8.0000000000e+00 1.1982834575e-06
8.0250000000e+00 1.1155830647e-06
8.0500000000e+00 1.0384780182e-06
8.0750000000e+00 9.6659781420e-07
8.1000000000e+00 8.9959590859e-07
8.1250000000e+00 8.3714820725e-07
8.1500000000e+00 7.7895164916e-07
8.1750000000e+00 7.2472287604e-07
8.2000000000e+00 6.7419698385e-07
8.2250000000e+00 6.2712635121e-07
8.2500000000e+00 5.8327953997e-07
8.2750000000e+00 5.4244026385e-07
8.3000000000e+00 5.0440642098e-07
8.3250000000e+00 4.6898918641e-07
8.3500000000e+00 4.3601216121e-07
8.3750000000e+00 4.0531057447e-07
8.4000000000e+00 3.7673053527e-07
8.4250000000e+00 3.5012833138e-07
8.4500000000e+00 3.2536977198e-07
8.4750000000e+00 3.0232957169e-07
8.5000000000e+00 2.8089077336e-07
8.5250000000e+00 2.6094420725e-07
8.5500000000e+00 2.4238798450e-07
8.5750000000e+00 2.2512702255e-07
8.6000000000e+00 2.0907260073e-07
8.6250000000e+00 1.9414194413e-07
8.6500000000e+00 1.8025783396e-07
8.6750000000e+00 1.6734824270e-07
8.7000000000e+00 1.5534599269e-07
8.7250000000e+00 1.4418843652e-07
8.7500000000e+00 1.3381715792e-07
8.7750000000e+00 1.2417769190e-07
8.8000000000e+00 1.1521926291e-07
8.8250000000e+00 1.0689453986e-07
8.8500000000e+00 9.9159407012e-08
8.8750000000e+00 9.1972749633e-08
8.9000000000e+00 8.5296253600e-08
8.9250000000e+00 7.9094217977e-08
8.9500000000e+00 7.3333379788e-08
8.9750000000e+00 6.7982750193e-08
9.0000000000e+00 6.3013461338e-08
9.0250000000e+00 5.8398623202e-08
9.0500000000e+00 5.4113189800e-08
9.0750000000e+00 5.0133834128e-08
9.1000000000e+00 4.6438831297e-08
9.1250000000e+00 4.3007949319e-08
9.1500000000e+00 3.9822347051e-08
9.1750000000e+00 3.6864478831e-08
9.2000000000e+00 3.4118005356e-08
9.2250000000e+00 3.1567710413e-08
9.2500000000e+00 2.9199423049e-08
9.2750000000e+00 2.6999944851e-08
9.3000000000e+00 2.4956981957e-08
9.3250000000e+00 2.3059081521e-08
9.3500000000e+00 2.1295572295e-08
9.3750000000e+00 1.9656509069e-08
9.4000000000e+00 1.8132620701e-08
9.4250000000e+00 1.6715261480e-08
9.4500000000e+00 1.5396365595e-08
9.4750000000e+00 1.4168404495e-08
9.5000000000e+00 1.3024346916e-08
9.5250000000e+00 1.1957621396e-08
9.5500000000e+00 1.0962081091e-08
9.5750000000e+00 1.0031970708e-08
9.6000000000e+00 9.1618953993e-09
9.6250000000e+00 8.3467914631e-09
9.6500000000e+00 7.5818986942e-09
9.6750000000e+00 6.8627342519e-09
9.7000000000e+00 6.1850679057e-09
9.7250000000e+00 5.5448985338e-09
9.7500000000e+00 4.9384317482e-09
9.7750000000e+00 4.3620585310e-09
9.8000000000e+00 3.8123347653e-09
9.8250000000e+00 3.2859615499e-09
9.8500000000e+00 2.7797661922e-09
9.8750000000e+00 2.2906837701e-09
9.9000000000e+00 1.8157391619e-09
9.9250000000e+00 1.3520294398e-09
9.9500000000e+00 8.9670652532e-10
9.9750000000e+00 4.4696000452e-10
1.0000000000e+01 0.0000000000e+00
