0.0000000e+00 1.0000000e+00 0.0000000e+00
1.2566371e-01  1.0000000e+00  -1.2566371e-01
2.5132741e-01  9.8420863e-01  -2.5132741e-01
3.7699112e-01  9.5262590e-01  -3.7500672e-01
5.0265482e-01  9.0550117e-01  -4.9471722e-01
6.2831853e-01  8.4333317e-01  -6.0850585e-01
7.5398224e-01  7.6686607e-01  -7.1448222e-01
8.7964594e-01  6.7708158e-01  -8.1084945e-01
1.0053096e+00  5.7518723e-01  -8.9593403e-01
1.1309734e+00  4.6260084e-01  -9.6821419e-01
1.2566371e+00  3.4093146e-01  -1.0263463e+00
1.3823008e+00  2.1195698e-01  -1.0691890e+00
1.5079645e+00  7.7598718e-02  -1.0958243e+00
1.6336282e+00  -6.0106630e-02  -1.1055757e+00
1.7592919e+00  -1.9903737e-01  -1.0980225e+00
1.8849556e+00  -3.3701894e-01  -1.0730107e+00
2.0106193e+00  -4.7185744e-01  -1.0306596e+00
2.1362830e+00  -6.0137395e-01  -9.7136428e-01
2.2619467e+00  -7.2343918e-01  -8.9579340e-01
2.3876104e+00  -8.3600790e-01  -8.0488336e-01
2.5132741e+00  -9.3715253e-01  -6.9982750e-01
2.6389378e+00  -1.0250954e+00  -5.8206144e-01
2.7646015e+00  -1.0982394e+00  -4.5324415e-01
2.8902652e+00  -1.1551958e+00  -3.1523531e-01
3.0159289e+00  -1.1948094e+00  -1.7006913e-01
3.1415927e+00  -1.2161809e+00  -1.9924948e-02
3.2672564e+00  -1.2186848e+00  1.3290486e-01
3.3929201e+00  -1.2019835e+00  2.8604930e-01
3.5185838e+00  -1.1660375e+00  4.3709500e-01
3.6442475e+00  -1.1111105e+00  5.8362359e-01
3.7699112e+00  -1.0377702e+00  7.2324985e-01
3.8955749e+00  -9.4688391e-01  8.5365989e-01
4.0212386e+00  -8.3960985e-01  9.7264883e-01
4.1469023e+00  -7.1738319e-01  1.0781573e+00
4.2725660e+00  -5.8189795e-01  1.1683064e+00
4.3982297e+00  -4.3508424e-01  1.2414298e+00
4.5238934e+00  -2.7908157e-01  1.2961041e+00
4.6495571e+00  -1.1620833e-01  1.3311745e+00
4.7752208e+00  5.1071999e-02  1.3457777e+00
4.9008845e+00  2.2018741e-01  1.3393598e+00
5.0265482e+00  3.8849633e-01  1.3116902e+00
5.1522120e+00  5.5332818e-01  1.2628703e+00
5.2778757e+00  7.1202515e-01  1.1933371e+00
5.4035394e+00  8.6198431e-01  1.1038614e+00
5.5292031e+00  1.0006996e+00  9.9554121e-01
5.6548668e+00  1.1258030e+00  8.6978959e-01
5.7805305e+00  1.2351040e+00  7.2831701e-01
5.9061942e+00  1.3266270e+00  5.7310926e-01
6.0318579e+00  1.3986460e+00  4.0640039e-01
6.1575216e+00  1.4497158e+00  2.3064135e-01
6.2831853e+00  1.4786991e+00  4.8464684e-02
6.4088490e+00  1.4847893e+00  -1.3735412e-01
6.5345127e+00  1.4675289e+00  -3.2393825e-01
6.6601764e+00  1.4268216e+00  -5.0835337e-01
6.7858401e+00  1.3629400e+00  -6.8765306e-01
6.9115038e+00  1.2765270e+00  -8.5892516e-01
7.0371675e+00  1.1685913e+00  -1.0193383e+00
7.1628313e+00  1.0404975e+00  -1.1661878e+00
7.2884950e+00  8.9394999e-01  -1.2969406e+00
7.4141587e+00  7.3097163e-01  -1.4092776e+00
7.5398224e+00  5.5387658e-01  -1.5011342e+00
7.6654861e+00  3.6523849e-01  -1.5707364e+00
7.7911498e+00  1.6785393e-01  -1.6166336e+00
7.9168135e+00  -3.5298241e-02  -1.6377268e+00
8.0424772e+00  -2.4110106e-01  -1.6332911e+00
8.1681409e+00  -4.4634647e-01  -1.6029934e+00
8.2938046e+00  -6.4778456e-01  -1.5469039e+00
8.4194683e+00  -8.4217424e-01  -1.4655009e+00
8.5451320e+00  -1.0263345e+00  -1.3596701e+00
8.6707957e+00  -1.1971957e+00  -1.2306971e+00
8.7964594e+00  -1.3518497e+00  -1.0802531e+00
8.9221231e+00  -1.4875983e+00  -9.1037465e-01
9.0477868e+00  -1.6019993e+00  -7.2343753e-01
9.1734505e+00  -1.6929092e+00  -5.2212436e-01
9.2991143e+00  -1.7585212e+00  -3.0938712e-01
9.4247780e+00  -1.7974000e+00  -8.8404827e-02
9.5504417e+00  -1.8085093e+00  1.3746311e-01
9.6761054e+00  -1.7912351e+00  3.6472709e-01
9.8017691e+00  -1.7454022e+00  5.8982033e-01
9.9274328e+00  -1.6712832e+00  8.0915404e-01
1.0053096e+01  -1.5696019e+00  1.0191737e+00
1.0178760e+01  -1.4415287e+00  1.2164157e+00
1.0304424e+01  -1.2886694e+00  1.3975635e+00
1.0430088e+01  -1.1130464e+00  1.5595025e+00
1.0555751e+01  -9.1707355e-01  1.6993720e+00
1.0681415e+01  -7.0352417e-01  1.8146149e+00
1.0807079e+01  -4.7549293e-01  1.9030223e+00
1.0932742e+01  -2.3635210e-01  1.9627745e+00
1.1058406e+01  1.0297427e-02  1.9924754e+00
1.1184070e+01  2.6067927e-01  1.9911814e+00
1.1309734e+01  5.1089851e-01  1.9584235e+00
1.1435397e+01  7.5700126e-01  1.8942221e+00
1.1561061e+01  9.9503623e-01  1.7990945e+00
1.1686725e+01  1.2211171e+00  1.6740546e+00
1.1812388e+01  1.4314850e+00  1.5206045e+00
1.1938052e+01  1.6225698e+00  1.3407187e+00
1.2063716e+01  1.7910495e+00  1.1368206e+00
1.2189379e+01  1.9339066e+00  9.1175069e-01
1.2315043e+01  2.0484806e+00  6.6872883e-01
1.2440707e+01  2.1325155e+00  4.1130917e-01
1.2566371e+01  2.1842021e+00  1.4332937e-01
1.2692034e+01  2.2022134e+00  -1.3114557e-01
1.2817698e+01  2.1857332e+00  -4.0788387e-01
1.2943362e+01  2.1344770e+00  -6.8255120e-01
1.3069025e+01  2.0487051e+00  -9.5077749e-01
1.3194689e+01  1.9292269e+00  -1.2082254e+00
1.3320353e+01  1.7773968e+00  -1.4506592e+00
1.3446017e+01  1.5951016e+00  -1.6740134e+00
1.3571680e+01  1.3847388e+00  -1.8744598e+00
1.3697344e+01  1.1491873e+00  -2.0484712e+00
1.3823008e+01  8.9176879e-01  -2.1928823e+00
1.3948671e+01  6.1620307e-01  -2.3049453e+00
1.4074335e+01  3.2655509e-01  -2.3823797e+00
1.4199999e+01  2.7176434e-02  -2.4234158e+00
1.4325663e+01  -2.7735898e-01  -2.4268309e+00
1.4451326e+01  -5.8232354e-01  -2.3919769e+00
1.4576990e+01  -8.8290823e-01  -2.3188000e+00
1.4702654e+01  -1.1742972e+00  -2.2078505e+00
1.4828317e+01  -1.4517439e+00  -2.0602839e+00
1.4953981e+01  -1.7106468e+00  -1.8778524e+00
1.5079645e+01  -1.9466247e+00  -1.6628862e+00
1.5205308e+01  -2.1555892e+00  -1.4182661e+00
1.5330972e+01  -2.3338137e+00  -1.1473868e+00
1.5456636e+01  -2.4779986e+00  -8.5411112e-01
1.5582300e+01  -2.5853294e+00  -5.4271663e-01
1.5707963e+01  -2.6535292e+00  -2.1783456e-01
1.5833627e+01  -2.6809031e+00  1.1561775e-01
1.5959291e+01  -2.6663741e+00  4.5250997e-01
1.6084954e+01  -2.6095100e+00  7.8757642e-01
1.6210618e+01  -2.5105403e+00  1.1154971e+00
1.6336282e+01  -2.3703628e+00  1.4309809e+00
1.6461946e+01  -2.1905404e+00  1.7288495e+00
1.6587609e+01  -1.9732868e+00  2.0041209e+00
1.6713273e+01  -1.7214415e+00  2.2520914e+00
1.6838937e+01  -1.4384353e+00  2.4684142e+00
1.6964600e+01  -1.1282453e+00  2.6491733e+00
1.7090264e+01  -7.9534034e-01  2.7909527e+00
1.7215928e+01  -4.4461887e-01  2.8908982e+00
1.7341591e+01  -8.1337895e-02  2.9467706e+00
1.7467255e+01  2.8896422e-01  2.9569918e+00
1.7592919e+01  6.6055078e-01  2.9206795e+00
1.7718583e+01  1.0275742e+00  2.8376723e+00
1.7844246e+01  1.3841666e+00  2.7085435e+00
1.7969910e+01  1.7245322e+00  2.5346040e+00
1.8095574e+01  2.0430399e+00  2.3178929e+00
1.8221237e+01  2.3343150e+00  2.0611569e+00
1.8346901e+01  2.5933276e+00  1.7678182e+00
1.8472565e+01  2.8154782e+00  1.4419311e+00
1.8598229e+01  2.9966766e+00  1.0881277e+00
1.8723892e+01  3.1334147e+00  7.1155417e-01
1.8849556e+01  3.2228313e+00  3.1779767e-01
1.8975220e+01  3.2627669e+00  -8.7195251e-02
1.9100883e+01  3.2518096e+00  -4.9720663e-01
1.9226547e+01  3.1893288e+00  -9.0584108e-01
1.9352211e+01  3.0754974e+00  -1.3066240e+00
1.9477874e+01  2.9113022e+00  -1.6931024e+00
1.9603538e+01  2.6985407e+00  -2.0589474e+00
1.9729202e+01  2.4398057e+00  -2.3980560e+00
1.9854866e+01  2.1384571e+00  -2.7046510e+00
1.9980529e+01  1.7985807e+00  -2.9733775e+00
2.0106193e+01  1.4249350e+00  -3.1993938e+00
2.0231857e+01  1.0228873e+00  -3.3784564e+00
2.0357520e+01  5.9833799e-01  -3.5069962e+00
2.0483184e+01  1.5763585e-01  -3.5821856e+00
2.0608848e+01  -2.9251487e-01  -3.6019947e+00
2.0734512e+01  -7.4515488e-01  -3.5652362e+00
2.0860175e+01  -1.1931757e+00  -3.4715973e+00
2.0985839e+01  -1.6294295e+00  -3.3216584e+00
2.1111503e+01  -2.0468414e+00  -3.1168983e+00
2.1237166e+01  -2.4385223e+00  -2.8596846e+00
2.1362830e+01  -2.7978809e+00  -2.5532508e+00
2.1488494e+01  -3.1187319e+00  -2.2016588e+00
2.1614157e+01  -3.3954005e+00  -1.8097473e+00
2.1739821e+01  -3.6228200e+00  -1.3830687e+00
2.1865485e+01  -3.7966216e+00  -9.2781175e-01
2.1991149e+01  -3.9132138e+00  -4.5071421e-01
2.2116812e+01  -3.9698523e+00  4.1034742e-02
2.2242476e+01  -3.9646957e+00  5.3990109e-01
2.2368140e+01  -3.8968497e+00  1.0381194e+00
2.2493803e+01  -3.7663958e+00  1.5278120e+00
2.2619467e+01  -3.5744053e+00  2.0011113e+00
2.2745131e+01  -3.3229382e+00  2.4502843e+00
2.2870795e+01  -3.0150264e+00  2.8678570e+00
2.2996458e+01  -2.6546408e+00  3.2467364e+00
2.3122122e+01  -2.2466439e+00  3.5803284e+00
2.3247786e+01  -1.7967266e+00  3.8626500e+00
2.3373449e+01  -1.3113317e+00  4.0884333e+00
2.3499113e+01  -7.9756398e-01  4.2532201e+00
2.3624777e+01  -2.6308858e-01  4.3534450e+00
2.3750440e+01  2.8398145e-01  4.3865057e+00
2.3876104e+01  8.3520601e-01  4.3508195e+00
2.4001768e+01  1.3819461e+00  4.2458644e+00
2.4127432e+01  1.9154972e+00  4.0722039e+00
2.4253095e+01  2.4272254e+00  3.8314955e+00
2.4378759e+01  2.9087053e+00  3.5264813e+00
2.4504423e+01  3.3518560e+00  3.1609626e+00
2.4630086e+01  3.7490743e+00  2.7397560e+00
2.4755750e+01  4.0933622e+00  2.2686334e+00
2.4881414e+01  4.3784471e+00  1.7542463e+00
2.5007078e+01  4.5988922e+00  1.2040345e+00
2.5132741e+01  4.7501956e+00  6.2612062e-01
2.5258405e+01  4.8288763e+00  2.9193429e-02
2.5384069e+01  4.8325448e+00  -5.7762106e-01
2.5509732e+01  4.7599588e+00  -1.1848966e+00
2.5635396e+01  4.6110603e+00  -1.7830506e+00
2.5761060e+01  4.3869956e+00  -2.3624935e+00
2.5886723e+01  4.0901159e+00  -2.9137797e+00
2.6012387e+01  3.7239595e+00  -3.4277588e+00
2.6138051e+01  3.2932147e+00  -3.8957253e+00
2.6263715e+01  2.8036634e+00  -4.3095629e+00
2.6389378e+01  2.2621077e+00  -4.6618816e+00
2.6515042e+01  1.6762784e+00  -4.9461465e+00
2.6640706e+01  1.0547273e+00  -5.1567938e+00
2.6766369e+01  4.0670548e-01  -5.2893348e+00
2.6892033e+01  -2.5797193e-01  -5.3404429e+00
2.7017697e+01  -9.2907178e-01  -5.3080252e+00
2.7143361e+01  -1.5960979e+00  -5.1912746e+00
2.7269024e+01  -2.2484527e+00  -4.9907030e+00
2.7394688e+01  -2.8756029e+00  -4.7081541e+00
2.7520352e+01  -3.4672470e+00  -4.3467952e+00
2.7646015e+01  -4.0134814e+00  -3.9110881e+00
2.7771679e+01  -4.5049632e+00  -3.4067391e+00
2.7897343e+01  -4.9330667e+00  -2.8406287e+00
2.8023006e+01  -5.2900306e+00  -2.2207213e+00
2.8148670e+01  -5.5690947e+00  -1.5559564e+00
2.8274334e+01  -5.7646220e+00  -8.5612336e-01
2.8399998e+01  -5.8722056e+00  -1.3171960e-01
2.8525661e+01  -5.8887580e+00  6.0620352e-01
2.8651325e+01  -5.8125802e+00  1.3462067e+00
2.8776989e+01  -5.6434109e+00  2.0766370e+00
2.8902652e+01  -5.3824530e+00  2.7858090e+00
2.9028316e+01  -5.0323779e+00  3.4621879e+00
2.9153980e+01  -4.5973065e+00  4.0945752e+00
2.9279644e+01  -4.0827670e+00  4.6722898e+00
2.9405307e+01  -3.4956298e+00  5.1853454e+00
2.9530971e+01  -2.8440200e+00  5.6246192e+00
2.9656635e+01  -2.1372096e+00  5.9820093e+00
2.9782298e+01  -1.3854881e+00  6.2505790e+00
2.9907962e+01  -6.0001717e-01  6.4246845e+00
3.0033626e+01  2.0733250e-01  6.5000849e+00
3.0159289e+01  1.0241573e+00  6.4740308e+00
3.0284953e+01  1.8377080e+00  6.3453314e+00
3.0410617e+01  2.6350858e+00  6.1143982e+00
3.0536281e+01  3.4034438e+00  5.7832635e+00
3.0661944e+01  4.1301901e+00  5.3555742e+00
3.0787608e+01  4.8031914e+00  4.8365592e+00
3.0913272e+01  5.4109713e+00  4.2329723e+00
3.1038935e+01  5.9429023e+00  3.5530096e+00
3.1164599e+01  6.3893867e+00  2.8062025e+00
3.1290263e+01  6.7420245e+00  2.0032885e+00
3.1415927e+01  6.9937651e+00  1.1560607e+00
3.1541590e+01  7.1390400e+00  2.7719826e-01
3.1667254e+01  7.1738738e+00  -6.1991997e-01
3.1792918e+01  7.0959723e+00  -1.5214155e+00
3.1918581e+01  6.9047856e+00  -2.4131217e+00
3.2044245e+01  6.6015438e+00  -3.2808027e+00
3.2169909e+01  6.1892660e+00  -4.1103771e+00
3.2295572e+01  5.6727408e+00  -4.8881432e+00
3.2421236e+01  5.0584786e+00  -5.6010009e+00
3.2546900e+01  4.3546360e+00  -6.2366680e+00
3.2672564e+01  3.5709132e+00  -6.7838877e+00
3.2798227e+01  2.7184247e+00  -7.2326219e+00
3.2923891e+01  1.8095467e+00  -7.5742292e+00
3.3049555e+01  8.5774095e-01  -7.8016236e+00
3.3175218e+01  -1.2263998e-01  -7.9094105e+00
3.3300882e+01  -1.1165658e+00  -7.8939991e+00
3.3426546e+01  -2.1085550e+00  -7.7536873e+00
3.3552210e+01  -3.0829121e+00  -7.4887185e+00
3.3677873e+01  -4.0239722e+00  -7.1013083e+00
3.3803537e+01  -4.9163489e+00  -6.5956410e+00
3.3929201e+01  -5.7451816e+00  -5.9778344e+00
3.4054864e+01  -6.4963784e+00  -5.2558736e+00
3.4180528e+01  -7.1568510e+00  -4.4395146e+00
3.4306192e+01  -7.7147369e+00  -3.5401582e+00
3.4431855e+01  -8.1596063e+00  -2.5706958e+00
3.4557519e+01  -8.4826494e+00  -1.5453294e+00
3.4683183e+01  -8.6768412e+00  -4.7936824e-01
3.4808847e+01  -8.7370804e+00  6.1099579e-01
3.4934510e+01  -8.6603004e+00  1.7089297e+00
3.5060174e+01  -8.4455500e+00  2.7972151e+00
3.5185838e+01  -8.0940416e+00  3.8585143e+00
3.5311501e+01  -7.6091664e+00  4.8756415e+00
3.5437165e+01  -6.9964752e+00  5.8318376e+00
3.5562829e+01  -6.2636249e+00  6.7110406e+00
3.5688493e+01  -5.4202906e+00  7.4981509e+00
3.5814156e+01  -4.4780452e+00  8.1792847e+00
3.5939820e+01  -3.4502060e+00  8.7420124e+00
3.6065484e+01  -2.3516523e+00  9.1755781e+00
3.6191147e+01  -1.1986151e+00  9.4710955e+00
3.6316811e+01  -8.4421880e-03  9.6217179e+00
3.6442475e+01  1.2006585e+00  9.6227788e+00
3.6568138e+01  2.4098926e+00  9.4718995e+00
3.6693802e+01  3.6001666e+00  9.1690635e+00
3.6819466e+01  4.7523851e+00  8.7166532e+00
3.6945130e+01  5.8477520e+00  8.1194509e+00
3.7070793e+01  6.8680723e+00  7.3846007e+00
3.7196457e+01  7.7960486e+00  6.5215333e+00
3.7322121e+01  8.6155687e+00  5.5418529e+00
3.7447784e+01  9.3119784e+00  4.4591886e+00
3.7573448e+01  9.8723366e+00  3.2890109e+00
3.7699112e+01  1.0285646e+01  2.0484165e+00
3.7824776e+01  1.0543058e+01  7.5588413e-01
3.7950439e+01  1.0638045e+01  -5.6899556e-01
3.8076103e+01  1.0566543e+01  -1.9058117e+00
3.8201767e+01  1.0327051e+01  -3.2336426e+00
3.8327430e+01  9.9206998e+00  -4.5313781e+00
3.8453094e+01  9.3512700e+00  -5.7780500e+00
3.8578758e+01  8.6251788e+00  -6.9531653e+00
3.8704421e+01  7.7514183e+00  -8.0370372e+00
3.8830085e+01  6.7414544e+00  -9.0111092e+00
3.8955749e+01  5.6090850e+00  -9.8582653e+00
3.9081413e+01  4.3702589e+00  -1.0563124e+01
3.9207076e+01  3.0428576e+00  -1.1112307e+01
3.9332740e+01  1.6464440e+00  -1.1494683e+01
3.9458404e+01  2.0197946e-01  -1.1701582e+01
3.9584067e+01  -1.2684847e+00  -1.1726963e+01
3.9709731e+01  -2.7421383e+00  -1.1567561e+01
3.9835395e+01  -4.1957609e+00  -1.1222973e+01
3.9961059e+01  -5.6060813e+00  -1.0695719e+01
4.0086722e+01  -6.9501449e+00  -9.9912376e+00
4.0212386e+01  -8.2056809e+00  -9.1178566e+00
4.0338050e+01  -9.3514645e+00  -8.0867004e+00
4.0463713e+01  -1.0367669e+01  -6.9115607e+00
4.0589377e+01  -1.1236202e+01  -5.6087209e+00
4.0715041e+01  -1.1941014e+01  -4.1967382e+00
4.0840704e+01  -1.2468392e+01  -2.6961861e+00
4.0966368e+01  -1.2807205e+01  -1.1293617e+00
4.1092032e+01  -1.2949124e+01  4.8003906e-01
4.1217696e+01  -1.2888801e+01  2.1072740e+00
4.1343359e+01  -1.2623993e+01  3.7269285e+00
4.1469023e+01  -1.2155653e+01  5.3133063e+00
4.1594687e+01  -1.1487964e+01  6.8408307e+00
4.1720350e+01  -1.0628320e+01  8.2844508e+00
4.1846014e+01  -9.5872647e+00  9.6200449e+00
4.1971678e+01  -8.3783743e+00  1.0824816e+01
4.2097342e+01  -7.0180877e+00  1.1877674e+01
4.2223005e+01  -5.5254953e+00  1.2759593e+01
4.2348669e+01  -3.9220776e+00  1.3453947e+01
4.2474333e+01  -2.2314048e+00  1.3946810e+01
4.2599996e+01  -4.7879697e-01  1.4227216e+01
4.2725660e+01  1.3090477e+00  1.4287384e+01
4.2851324e+01  3.1044533e+00  1.4122884e+01
4.2976988e+01  4.8791872e+00  1.3732767e+01
4.3102651e+01  6.6048976e+00  1.3119630e+01
4.3228315e+01  8.2535589e+00  1.2289634e+01
4.3353979e+01  9.7979199e+00  1.1252461e+01
4.3479642e+01  1.1211946e+01  1.0021218e+01
4.3605306e+01  1.2471249e+01  8.6122836e+00
4.3730970e+01  1.3553501e+01  7.0451002e+00
4.3856633e+01  1.4438814e+01  5.3419171e+00
4.3982297e+01  1.5110099e+01  3.5274822e+00
4.4107961e+01  1.5553376e+01  1.6286911e+00
4.4233625e+01  1.5758043e+01  -3.2580372e-01
4.4359288e+01  1.5717101e+01  -2.3060178e+00
4.4484952e+01  1.5427319e+01  -4.2810870e+00
4.4610616e+01  1.4889341e+01  -6.2197411e+00
4.4736279e+01  1.4107746e+01  -8.0907909e+00
4.4861943e+01  1.3091027e+01  -9.8636225e+00
4.4987607e+01  1.1851528e+01  -1.1508689e+01
4.5113271e+01  1.0405303e+01  -1.2997996e+01
4.5238934e+01  8.7719266e+00  -1.4305565e+01
4.5364598e+01  6.9742362e+00  -1.5407878e+01
4.5490262e+01  5.0380252e+00  -1.6284286e+01
4.5615925e+01  2.9916814e+00  -1.6917383e+01
4.5741589e+01  8.6578030e-01  -1.7293329e+01
4.5867253e+01  -1.3073635e+00  -1.7402126e+01
4.5992916e+01  -3.4941792e+00  -1.7237838e+01
4.6118580e+01  -5.6603498e+00  -1.6798747e+01
4.6244244e+01  -7.7713426e+00  -1.6087446e+01
4.6369908e+01  -9.7929507e+00  -1.5110870e+01
4.6495571e+01  -1.1691839e+01  -1.3880252e+01
4.6621235e+01  -1.3436083e+01  -1.2411012e+01
4.6746899e+01  -1.4995696e+01  -1.0722584e+01
4.6872562e+01  -1.6343136e+01  -8.8381694e+00
4.6998226e+01  -1.7453773e+01  -6.7844304e+00
4.7123890e+01  -1.8306330e+01  -4.5911245e+00
4.7249554e+01  -1.8883268e+01  -2.2906833e+00
4.7375217e+01  -1.9171123e+01  8.2258088e-02
4.7500881e+01  -1.9160786e+01  2.4913725e+00
4.7626545e+01  -1.8847711e+01  4.8991879e+00
4.7752208e+01  -1.8232061e+01  7.2676612e+00
4.7877872e+01  -1.7318780e+01  9.5587696e+00
4.8003536e+01  -1.6117590e+01  1.1735112e+01
4.8129199e+01  -1.4642912e+01  1.3760508e+01
4.8254863e+01  -1.2913716e+01  1.5600590e+01
4.8380527e+01  -1.0953288e+01  1.7223376e+01
4.8506191e+01  -8.7889343e+00  1.8599806e+01
4.8631854e+01  -6.4516137e+00  1.9704256e+01
4.8757518e+01  -3.9755039e+00  2.0514990e+01
4.8883182e+01  -1.3975142e+00  2.1014567e+01
4.9008845e+01  1.2432541e+00  2.1190183e+01
4.9134509e+01  3.9060911e+00  2.1033952e+01
4.9260173e+01  6.5492954e+00  2.0543098e+01
4.9385837e+01  9.1308172e+00  1.9720089e+01
4.9511500e+01  1.1608917e+01  1.8572677e+01
4.9637164e+01  1.3942828e+01  1.7113857e+01
4.9762828e+01  1.6093419e+01  1.5361750e+01
4.9888491e+01  1.8023833e+01  1.3339391e+01
5.0014155e+01  1.9700110e+01  1.1074449e+01
5.0139819e+01  2.1091767e+01  8.5988604e+00
5.0265482e+01  2.2172331e+01  5.9483908e+00
5.0391146e+01  2.2919828e+01  3.1621335e+00
5.0516810e+01  2.3317194e+01  2.8194292e-01
5.0642474e+01  2.3352624e+01  -2.6481821e+00
5.0768137e+01  2.3019843e+01  -5.5827593e+00
5.0893801e+01  2.2318293e+01  -8.4755181e+00
5.1019465e+01  2.1253228e+01  -1.1280118e+01
5.1145128e+01  1.9835727e+01  -1.3950877e+01
5.1270792e+01  1.8082608e+01  -1.6443508e+01
5.1396456e+01  1.6016256e+01  -1.8715835e+01
5.1522120e+01  1.3664354e+01  -2.0728497e+01
5.1647783e+01  1.1059535e+01  -2.2445611e+01
5.1773447e+01  8.2389360e+00  -2.3835393e+01
5.1899111e+01  5.2436921e+00  -2.4870728e+01
5.2024774e+01  2.1183443e+00  -2.5529670e+01
5.2150438e+01  -1.0898087e+00  -2.5795869e+01
5.2276102e+01  -4.3314132e+00  -2.5658920e+01
5.2401765e+01  -7.5558081e+00  -2.5114618e+01
5.2527429e+01  -1.0711804e+01  -2.4165127e+01
5.2653093e+01  -1.3748484e+01  -2.2819042e+01
5.2778757e+01  -1.6616009e+01  -2.1091357e+01
5.2904420e+01  -1.9266427e+01  -1.9003328e+01
5.3030084e+01  -2.1654456e+01  -1.6582237e+01
5.3155748e+01  -2.3738241e+01  -1.3861058e+01
5.3281411e+01  -2.5480073e+01  -1.0878022e+01
5.3407075e+01  -2.6847046e+01  -7.6761021e+00
5.3532739e+01  -2.7811653e+01  -4.3024029e+00
5.3658403e+01  -2.8352309e+01  -8.0748747e-01
5.3784066e+01  -2.8453781e+01  2.7553687e+00
5.3909730e+01  -2.8107531e+01  6.3309763e+00
5.4035394e+01  -2.7311957e+01  9.8630728e+00
5.4161057e+01  -2.6072527e+01  1.3295195e+01
5.4286721e+01  -2.4401803e+01  1.6571565e+01
5.4412385e+01  -2.2319359e+01  1.9637986e+01
5.4538048e+01  -1.9851577e+01  2.2442719e+01
5.4663712e+01  -1.7031342e+01  2.4937342e+01
5.4789376e+01  -1.3897623e+01  2.7077563e+01
5.4915040e+01  -1.0494956e+01  2.8823990e+01
5.5040703e+01  -6.8728264e+00  3.0142825e+01
5.5166367e+01  -3.0849673e+00  3.1006490e+01
5.5292031e+01  8.1142321e-01  3.1394159e+01
5.5417694e+01  4.7565295e+00  3.1292192e+01
5.5543358e+01  8.6888224e+00  3.0694469e+01
5.5669022e+01  1.2546003e+01  2.9602599e+01
5.5794686e+01  1.6265975e+01  2.8026022e+01
5.5920349e+01  1.9787829e+01  2.5981979e+01
5.6046013e+01  2.3052821e+01  2.3495367e+01
5.6171677e+01  2.6005336e+01  2.0598464e+01
5.6297340e+01  2.8593815e+01  1.7330538e+01
5.6423004e+01  3.0771635e+01  1.3737333e+01
5.6548668e+01  3.2497919e+01  9.8704551e+00
5.6674331e+01  3.3738277e+01  5.7866461e+00
5.6799995e+01  3.4465448e+01  1.5469692e+00
5.6925659e+01  3.4659846e+01  -2.7840868e+00
5.7051323e+01  3.4309988e+01  -7.1395716e+00
5.7176986e+01  3.3412803e+01  -1.1451092e+01
5.7302650e+01  3.1973816e+01  -1.5649868e+01
5.7428314e+01  3.0007196e+01  -1.9667817e+01
5.7553977e+01  2.7535665e+01  -2.3438632e+01
5.7679641e+01  2.4590279e+01  -2.6898866e+01
5.7805305e+01  2.1210068e+01  -2.9988971e+01
5.7930969e+01  1.7441543e+01  -3.2654307e+01
5.8056632e+01  1.3338082e+01  -3.4846076e+01
5.8182296e+01  8.9591947e+00  -3.6522189e+01
5.8307960e+01  4.3696811e+00  -3.7648035e+01
5.8433623e+01  -3.6131047e-01  -3.8197145e+01
5.8559287e+01  -5.1613053e+00  -3.8151741e+01
5.8684951e+01  -9.9555945e+00  -3.7503152e+01
5.8810614e+01  -1.4668380e+01  -3.6252096e+01
5.8936278e+01  -1.9223952e+01  -3.4408813e+01
5.9061942e+01  -2.3547891e+01  -3.1993060e+01
5.9187606e+01  -2.7568258e+01  -2.9033944e+01
5.9313269e+01  -3.1216771e+01  -2.5569615e+01
5.9438933e+01  -3.4429943e+01  -2.1646800e+01
5.9564597e+01  -3.7150160e+01  -1.7320205e+01
5.9690260e+01  -3.9326682e+01  -1.2651779e+01
5.9815924e+01  -4.0916551e+01  -7.7098421e+00
5.9941588e+01  -4.1885398e+01  -2.5681167e+00
6.0067252e+01  -4.2208117e+01  2.6953577e+00
6.0192915e+01  -4.1869409e+01  7.9993862e+00
6.0318579e+01  -4.0864176e+01  1.3260851e+01
6.0444243e+01  -3.9197768e+01  1.8395995e+01
6.0569906e+01  -3.6886060e+01  2.3321732e+01
6.0695570e+01  -3.3955364e+01  2.7956971e+01
6.0821234e+01  -3.0442188e+01  3.2223928e+01
6.0946897e+01  -2.6392810e+01  3.6049406e+01
6.1072561e+01  -2.1862708e+01  3.9366024e+01
6.1198225e+01  -1.6915827e+01  4.2113373e+01
6.1323889e+01  -1.1623705e+01  4.4239079e+01
6.1449552e+01  -6.0644580e+00  4.5699756e+01
6.1575216e+01  -3.2165722e-01  4.6461839e+01
6.1700880e+01  5.5169096e+00  4.6502259e+01
6.1826543e+01  1.1360556e+01  4.5808984e+01
6.1952207e+01  1.7117083e+01  4.4381374e+01
6.2077871e+01  2.2694211e+01  4.2230378e+01
6.2203535e+01  2.8001036e+01  3.9378540e+01
6.2329198e+01  3.2949490e+01  3.5859826e+01
6.2454862e+01  3.7455768e+01  3.1719271e+01
6.2580526e+01  4.1441729e+01  2.7012440e+01
6.2706189e+01  4.4836213e+01  2.1804719e+01
6.2831853e+01  4.7576274e+01  1.6170434e+01


1.2566371e-01  9.9210432e-01  -1.2566371e-01
2.5132741e-01  9.6847961e-01  -2.4934301e-01
3.7699112e-01  9.2949943e-01  -3.6907701e-01
5.0265482e-01  8.7578081e-01  -4.8296724e-01
6.2831853e-01  8.0817447e-01  -5.8920775e-01
7.5398224e-01  7.2775135e-01  -6.8611375e-01
8.7964594e-01  6.3578566e-01  -7.7214835e-01
1.0053096e+00  5.3373468e-01  -8.4594689e-01
1.1309734e+00  4.2321566e-01  -9.0633864e-01
1.2566371e+00  3.0598021e-01  -9.5236532e-01
1.3823008e+00  1.8388653e-01  -9.8329635e-01
1.5079645e+00  5.8869954e-02  -9.9864042e-01
1.6336282e+00  -6.7087721e-02  -9.9815329e-01
1.7592919e+00  -1.9198966e-01  -9.8184169e-01
1.8849556e+00  -3.1385564e-01  -9.4996325e-01
2.0106193e+00  -4.3075343e-01  -9.0302238e-01
2.1362830e+00  -5.4082948e-01  -8.4176233e-01
2.2619467e+00  -6.4233823e-01  -7.6715340e-01
2.3876104e+00  -7.3366987e-01  -6.8037760e-01
2.5132741e+00  -8.1337582e-01  -5.8280988e-01
2.6389378e+00  -8.8019171e-01  -4.7599637e-01
2.7646015e+00  -9.3305746e-01  -3.6162990e-01
2.8902652e+00  -9.7113409e-01  -2.4152313e-01
3.0159289e+00  -9.9381702e-01  -1.1757983e-01
3.1415927e+00  -1.0007457e+00  8.2352723e-03
3.2672564e+00  -9.9180922e-01  1.3392766e-01
3.3929201e+00  -9.6714836e-01  2.5750463e-01
3.5185838e+00  -9.2715308e-01  3.7700690e-01
3.6442475e+00  -8.7245649e-01  4.9053967e-01
3.7699112e+00  -8.0392482e-01  5.9630264e-01
3.8955749e+00  -7.2264368e-01  6.9261859e-01
4.0212386e+00  -6.2990089e-01  7.7795998e-01
4.1469023e+00  -5.2716606e-01  8.5097313e-01
4.2725660e+00  -4.1606729e-01  9.1049976e-01
4.3982297e+00  -2.9836538e-01  9.5559530e-01
4.5238934e+00  -1.7592593e-01  9.8554392e-01
4.6495571e+00  -5.0689775e-02  9.9986988e-01
4.7752208e+00  7.5357810e-02  9.9834509e-01
4.9008845e+00  2.0021855e-01  9.8099273e-01
5.0265482e+00  3.2191287e-01  9.4808692e-01
5.1522120e+00  4.3851127e-01  9.0014836e-01
5.2778757e+00  5.4816490e-01  8.3793612e-01
5.4035394e+00  6.4913492e-01  7.6243561e-01
5.5292031e+00  7.3982004e-01  6.7484296e-01
5.6548668e+00  8.1878193e-01  5.7654609e-01
5.7805305e+00  8.8476800e-01  4.6910269e-01
5.9061942e+00  9.3673134e-01  3.5421558e-01
6.0318579e+00  9.7384724e-01  2.3370567e-01
6.1575216e+00  9.9552638e-01  1.0948315e-01
6.2831853e+00  1.0014241e+00  -1.6482826e-02
6.4088490e+00  9.9144585e-01  -1.4219534e-01
6.5345127e+00  9.6574892e-01  -2.6566137e-01
6.6601764e+00  9.2473967e-01  -3.8492338e-01
6.7858401e+00  8.6906732e-01  -4.9809037e-01
6.9115038e+00  7.9961356e-01  -6.0336782e-01
7.0371675e+00  7.1747863e-01  -6.9908622e-01
7.1628313e+00  6.2396388e-01  -7.8372748e-01
7.2884950e+00  5.2055116e-01  -8.5594903e-01
7.4141587e+00  4.0887932e-01  -9.1460512e-01
7.5398224e+00  2.9071827e-01  -9.5876498e-01
7.6654861e+00  1.6794089e-01  -9.8772761e-01
7.7911498e+00  4.2493372e-02  -1.0010329e+00
7.9168135e+00  -8.3635646e-02  -9.9846893e-01
8.0424772e+00  -2.0844659e-01  -9.8007537e-01
8.1681409e+00  -3.2996067e-01  -9.4614284e-01
8.2938046e+00  -4.4625122e-01  -8.9720831e-01
8.4194683e+00  -5.5547428e-01  -8.3404666e-01
8.5451320e+00  -6.5589783e-01  -7.5765833e-01
8.6707957e+00  -7.4592922e-01  -6.6925355e-01
8.7964594e+00  -8.2414048e-01  -5.7023311e-01
8.9221231e+00  -8.8929093e-01  -4.6216618e-01
9.0477868e+00  -9.4034689e-01  -3.4676547e-01
9.1734505e+00  -9.7649804e-01  -2.2586004e-01
9.2991143e+00  -9.9717033e-01  -1.0136636e-01
9.4247780e+00  -1.0020351e+00  2.4742117e-02
9.5504417e+00  -9.9101412e-01  1.5046620e-01
9.6761054e+00  -9.6428125e-01  2.7381267e-01
9.8017691e+00  -9.2225927e-01  3.9282589e-01
9.9274328e+00  -8.6561345e-01  5.0561878e-01
1.0053096e+01  -7.9524091e-01  6.1040277e-01
1.0178760e+01  -7.1225647e-01  7.0551614e-01
1.0304424e+01  -6.1797494e-01  7.8945040e-01
1.0430088e+01  -5.1389034e-01  8.6087417e-01
1.0555751e+01  -4.0165219e-01  9.1865434e-01
1.0681415e+01  -2.8303936e-01  9.6187404e-01
1.0807079e+01  -1.5993191e-01  9.8984716e-01
1.0932742e+01  -3.4281280e-02  1.0021293e+00
1.1058406e+01  9.1920674e-02  9.9852470e-01
1.1184070e+01  2.1667321e-01  9.7908957e-01
1.1309734e+01  3.3799845e-01  9.4413103e-01
1.1435397e+01  4.5397273e-01  8.9420233e-01
1.1561061e+01  5.6275708e-01  8.3009410e-01
1.1686725e+01  6.6262643e-01  7.5282180e-01
1.1812388e+01  7.5199692e-01  6.6360966e-01
1.1938052e+01  8.2945104e-01  5.6387129e-01
1.2063716e+01  8.9376011e-01  4.5518725e-01
1.2189379e+01  9.4390378e-01  3.3928003e-01
1.2315043e+01  9.7908620e-01  2.1798673e-01
1.2440707e+01  9.9874867e-01  9.3229976e-02
1.2566371e+01  1.0025785e+00  -3.3012598e-02
1.2692034e+01  9.9051396e-01  -1.5873967e-01
1.2817698e+01  9.6274536e-01  -2.8195797e-01
1.2943362e+01  9.1971195e-01  -4.0071387e-01
1.3069025e+01  8.6209500e-01  -5.1312437e-01
1.3194689e+01  7.9080706e-01  -6.1740695e-01
1.3320353e+01  7.0697745e-01  -7.1190785e-01
1.3446017e+01  6.1193441e-01  -7.9512826e-01
1.3571680e+01  5.0718400e-01  -8.6574812e-01
1.3697344e+01  3.9438632e-01  -9.2264707e-01
1.3823008e+01  2.7532912e-01  -9.6492219e-01
1.3948671e+01  1.5189951e-01  -9.9190234e-01
1.4074335e+01  2.6054034e-02  -1.0031589e+00
1.4199999e+01  -1.0021234e-01  -9.9851227e-01
1.4325663e+01  -2.2489785e-01  -9.7803528e-01
1.4451326e+01  -3.4602566e-01  -9.4205153e-01
1.4576990e+01  -4.6167524e-01  -8.9113052e-01
1.4702654e+01  -5.7001276e-01  -8.2607862e-01
1.4828317e+01  -6.6932022e-01  -7.4792624e-01
1.4953981e+01  -7.5802267e-01  -6.5791159e-01
1.5079645e+01  -8.3471317e-01  -5.5746100e-01
1.5205308e+01  -8.9817515e-01  -4.4816631e-01
1.5330972e+01  -9.4740169e-01  -3.3175971e-01
1.5456636e+01  -9.8161146e-01  -2.1008624e-01
1.5582300e+01  -1.0002612e+00  -8.5074527e-02
1.5707963e+01  -1.0030542e+00  4.1293721e-02
1.5833627e+01  -9.8994529e-01  1.6701519e-01
1.5959291e+01  -9.6114125e-01  2.9009668e-01
1.6084954e+01  -9.1709776e-01  4.0858674e-01
1.6210618e+01  -8.5851212e-01  5.2060658e-01
1.6336282e+01  -7.8631223e-01  6.2437985e-01
1.6461946e+01  -7.0164187e-01  7.1826085e-01
1.6587609e+01  -6.0584261e-01  8.0076061e-01
1.6713273e+01  -5.0043252e-01  8.7057048e-01
1.6838937e+01  -3.8708215e-01  9.2658294e-01
1.6964600e+01  -2.6758803e-01  9.6790911e-01
1.7090264e+01  -1.4384419e-01  9.9389291e-01
1.7215928e+01  -1.7812176e-02  1.0041214e+00
1.7341591e+01  1.0851008e-01  9.9843156e-01
1.7467255e+01  2.3311993e-01  9.7691248e-01
1.7592919e+01  3.5404173e-01  9.3990437e-01
1.7718583e+01  4.6935820e-01  8.8799299e-01
1.7844246e+01  5.7724079e-01  8.2200039e-01
1.7969910e+01  6.7597869e-01  7.4297191e-01
1.8095574e+01  7.6400598e-01  6.5215966e-01
1.8221237e+01  8.3992643e-01  5.5100259e-01
1.8346901e+01  9.0253566e-01  4.4110378e-01
1.8472565e+01  9.5084026e-01  3.2420498e-01
1.8598229e+01  9.8407353e-01  2.0215905e-01
1.8723892e+01  1.0017077e+00  7.6900541e-02
1.8849556e+01  1.0034621e+00  -4.9584937e-02
1.8975220e+01  9.8930805e-01  -1.7529220e-01
1.9100883e+01  9.5946892e-01  -2.9822826e-01
1.9226547e+01  9.1441679e-01  -4.1644396e-01
1.9352211e+01  8.5486495e-01  -5.2806486e-01
1.9477874e+01  7.8175662e-01  -6.3132092e-01
1.9603538e+01  6.9624999e-01  -7.2457464e-01
1.9729202e+01  5.9969988e-01  -8.0634699e-01
1.9854866e+01  4.9363629e-01  -8.7534084e-01
1.9980529e+01  3.7974012e-01  -9.3046159e-01
2.0106193e+01  2.5981656e-01  -9.7083451e-01
2.0231857e+01  1.3576647e-01  -9.9581862e-01
2.0357520e+01  9.5562442e-03  -1.0050169e+00
2.0483184e+01  -1.1681335e-01  -9.9828245e-01
2.0608848e+01  -2.4133890e-01  -9.7572113e-01
2.0734512e+01  -3.6204610e-01  -9.3768960e-01
2.0860175e+01  -4.7702105e-01  -8.8478984e-01
2.0985839e+01  -5.8444061e-01  -8.1785959e-01
2.1111503e+01  -6.8260132e-01  -7.3795906e-01
2.1237166e+01  -7.6994639e-01  -6.4635415e-01
2.1362830e+01  -8.4509039e-01  -5.4449643e-01
2.1488494e+01  -9.0684127e-01  -4.3400007e-01
2.1614157e+01  -9.5421919e-01  -3.1661630e-01
2.1739821e+01  -9.8647216e-01  -1.9420568e-01
2.1865485e+01  -1.0030879e+00  -6.8708548e-02
2.1991149e+01  -1.0038020e+00  5.7885695e-02
2.2116812e+01  -9.8860216e-01  1.8357013e-01
2.2242476e+01  -9.5772837e-01  3.0635213e-01
2.2368140e+01  -9.1166911e-01  4.2428496e-01
2.2493803e+01  -8.5115364e-01  5.3549866e-01
2.2619467e+01  -7.7714045e-01  6.3822966e-01
2.2745131e+01  -6.9080209e-01  7.3084875e-01
2.2870795e+01  -5.9350657e-01  8.1188695e-01
2.2996458e+01  -4.8679571e-01  8.8005878e-01
2.3122122e+01  -3.7236068e-01  9.3428267e-01
2.3247786e+01  -2.5201521e-01  9.7369809e-01
2.3373449e+01  -1.2766687e-01  9.9767924e-01
2.3499113e+01  -1.2867824e-03  1.0058450e+00
2.3624777e+01  1.2512159e-01  9.9806484e-01
2.3750440e+01  2.4955419e-01  9.7446120e-01
2.3876104e+01  3.7003820e-01  9.3540726e-01
2.4001768e+01  4.8466323e-01  8.8152120e-01
2.4127432e+01  5.9161171e-01  8.1365641e-01
2.4253095e+01  6.8918761e-01  7.3288792e-01
2.4378759e+01  7.7584342e-01  6.4049540e-01
2.4504423e+01  8.5020463e-01  5.3794289e-01
2.4630086e+01  9.1109158e-01  4.2685560e-01
2.4755750e+01  9.5753814e-01  3.0899414e-01
2.4881414e+01  9.8880707e-01  1.8622663e-01
2.5007078e+01  1.0044017e+00  6.0499080e-02
2.5132741e+01  1.0040738e+00  -6.6195441e-02
2.5258405e+01  9.8782758e-01  -1.9184842e-01
2.5384069e+01  9.5591963e-01  -3.1446772e-01
2.5509732e+01  9.0885481e-01  -4.3210918e-01
2.5635396e+01  8.4737834e-01  -5.4290745e-01
2.5761060e+01  7.7246394e-01  -6.4510553e-01
2.5886723e+01  6.8529846e-01  -7.3708266e-01
2.6012387e+01  5.8726302e-01  -8.1738003e-01
2.6138051e+01  4.7991118e-01  -8.8472391e-01
2.6263715e+01  3.6494426e-01  -9.3804582e-01
2.6389378e+01  2.4418446e-01  -9.7649956e-01
2.6515042e+01  1.1954591e-01  -9.9947455e-01
2.6640706e+01  -6.9956654e-03  -1.0066056e+00
2.6766369e+01  -1.3343422e-01  -9.9777866e-01
2.6892033e+01  -2.5776523e-01  -9.7313268e-01
2.7017697e+01  -3.7801746e-01  -9.3305739e-01
2.7143361e+01  -4.9228420e-01  -8.7818719e-01
2.7269024e+01  -5.9875354e-01  -8.0939105e-01
2.7394688e+01  -6.9573705e-01  -7.2775876e-01
2.7520352e+01  -7.8169659e-01  -6.3458372e-01
2.7646015e+01  -8.5526870e-01  -5.3134235e-01
2.7771679e+01  -9.1528622e-01  -4.1967081e-01
2.7897343e+01  -9.6079680e-01  -3.0133896e-01
2.8023006e+01  -9.9107802e-01  -1.7822240e-01
2.8148670e+01  -1.0056489e+00  -5.2272671e-02
2.8274334e+01  -1.0042774e+00  7.4513622e-02
2.8399998e+01  -9.8698425e-01  2.0012650e-01
2.8525661e+01  -9.5404270e-01  3.2257447e-01
2.8651325e+01  -9.0597398e-01  4.3991606e-01
2.8776989e+01  -8.4353921e-01  5.5029067e-01
2.8902652e+01  -7.6772733e-01  6.5194801e-01
2.9028316e+01  -6.7973939e-01  7.4327590e-01
2.9153980e+01  -5.8096958e-01  8.2282580e-01
2.9279644e+01  -4.7298309e-01  8.8933582e-01
2.9405307e+01  -3.5749133e-01  9.4175071e-01
2.9530971e+01  -2.3632481e-01  9.7923863e-01
2.9656635e+01  -1.1140410e-01  1.0012043e+00
2.9782298e+01  1.5290553e-02  1.0072986e+00
2.9907962e+01  1.4175070e-01  9.9742380e-01
3.0033626e+01  2.6597145e-01  9.7173554e-01
3.0159289e+01  3.8598331e-01  9.3064007e-01
3.0284953e+01  4.9988339e-01  8.7478794e-01
3.0410617e+01  6.0586556e-01  8.0506369e-01
3.0536281e+01  7.0224913e-01  7.2257185e-01
3.0661944e+01  7.8750545e-01  6.2861942e-01
3.0787608e+01  8.6028220e-01  5.2469519e-01
3.0913272e+01  9.1942483e-01  4.1244611e-01
3.1038935e+01  9.6399484e-01  2.9365124e-01
3.1164599e+01  9.9328475e-01  1.7019349e-01
3.1290263e+01  1.0068292e+00  4.4029856e-02
3.1415927e+01  1.0044126e+00  -8.2839682e-02
3.1541590e+01  9.8607212e-01  -2.0840381e-01
3.1667254e+01  9.5209761e-01  -3.3067180e-01
3.1792918e+01  9.0302670e-01  -4.4770503e-01
3.1918581e+01  8.3963642e-01  -5.5764778e-01
3.2044245e+01  7.6293083e-01  -6.5875659e-01
3.2169909e+01  6.7412517e-01  -7.4942797e-01
3.2295572e+01  5.7462659e-01  -8.2822380e-01
3.2421236e+01  4.6601185e-01  -8.9389411e-01
3.2546900e+01  3.5000232e-01  -9.4539698e-01
3.2672564e+01  2.2843673e-01  -9.8191502e-01
3.2798227e+01  1.0324198e-01  -1.0028683e+00
3.2923891e+01  -2.3597333e-02  -1.0079238e+00
3.3049555e+01  -1.5007045e-01  -9.9700019e-01
3.3175218e+01  -2.7417228e-01  -9.7026979e-01
3.3300882e+01  -3.9393520e-01  -9.2815534e-01
3.3426546e+01  -5.0746025e-01  -8.7132356e-01
3.3552210e+01  -6.1294726e-01  -8.0067453e-01
3.3677873e+01  -7.0872335e-01  -7.1732743e-01
3.3803537e+01  -7.9326952e-01  -6.2260284e-01
3.3929201e+01  -8.6524469e-01  -5.1800178e-01
3.4054864e+01  -9.2350702e-01  -4.0518194e-01
3.4180528e+01  -9.6713196e-01  -2.8593144e-01
3.4306192e+01  -9.9542700e-01  -1.6214043e-01
3.4431855e+01  -1.0079426e+00  -3.5771175e-02
3.4557519e+01  -1.0044793e+00  9.1173064e-02
3.4683183e+01  -9.8509114e-01  2.1667979e-01
3.4808847e+01  -9.5008438e-01  3.3875915e-01
3.4934510e+01  -9.0001309e-01  4.5547554e-01
3.5060174e+01  -8.3567012e-01  5.6497823e-01
3.5185838e+01  -7.5807468e-01  6.6553075e-01
3.5311501e+01  -6.6845610e-01  7.5553840e-01
3.5437165e+01  -5.6823443e-01  8.3357358e-01
3.5562829e+01  -4.5899788e-01  8.9839839e-01
3.5688493e+01  -3.4247771e-01  9.4898430e-01
3.5814156e+01  -2.2052073e-01  9.8452844e-01
3.5939820e+01  -9.5060075e-02  1.0044664e+00
3.6065484e+01  3.1915455e-02  1.0084810e+00
3.6191147e+01  1.5839292e-01  9.9650776e-01
3.6316811e+01  2.8236716e-01  9.6873540e-01
3.6442475e+01  4.0187256e-01  9.2560327e-01
3.6568138e+01  5.1501424e-01  8.6779421e-01
3.6693802e+01  6.1999809e-01  7.9622378e-01
3.6819466e+01  7.1515921e-01  7.1202579e-01
3.6945130e+01  7.9898834e-01  6.1653430e-01
3.7070793e+01  8.7015576e-01  5.1126251e-01
3.7196457e+01  9.2753243e-01  3.9787874e-01
3.7322121e+01  9.7020785e-01  2.7818006e-01
3.7447784e+01  9.9750453e-01  1.5406372e-01
3.7573448e+01  1.0089888e+00  2.7497167e-02
3.7699112e+01  1.0044775e+00  -9.9513210e-02
3.7824776e+01  9.8404127e-01  -2.2495385e-01
3.7950439e+01  9.4800306e-01  -3.4683596e-01
3.8076103e+01  8.9693323e-01  -4.6322703e-01
3.8201767e+01  8.3164051e-01  -5.7228149e-01
3.8327430e+01  7.5315912e-01  -6.7226997e-01
3.8453094e+01  6.6273248e-01  -7.6160670e-01
3.8578758e+01  5.6179344e-01  -8.3887472e-01
3.8704421e+01  4.5194159e-01  -9.0284827e-01
3.8830085e+01  3.3491794e-01  -9.5251232e-01
3.8955749e+01  2.1257730e-01  -9.8707862e-01
3.9081413e+01  8.6858904e-02  -1.0059982e+00
3.9207076e+01  -4.0244370e-02  -1.0089702e+00
3.9332740e+01  -1.6671754e-01  -9.9594641e-01
3.9458404e+01  -2.9055551e-01  -9.6713239e-01
3.9584067e+01  -4.0979482e-01  -9.2298393e-01
3.9709731e+01  -5.2254479e-01  -8.6420001e-01
3.9835395e+01  -6.2701752e-01  -7.9171164e-01
3.9961059e+01  -7.2155621e-01  -7.0666720e-01
4.0086722e+01  -8.0466144e-01  -6.1041415e-01
4.0212386e+01  -8.7501500e-01  -5.0447777e-01
4.0338050e+01  -9.3150070e-01  -3.9053695e-01
4.0463713e+01  -9.7322219e-01  -2.7039756e-01
4.0589377e+01  -9.9951709e-01  -1.4596388e-01
4.0715041e+01  -1.0099676e+00  -1.9208373e-02
4.0840704e+01  -1.0044070e+00  1.0785956e-01
4.0966368e+01  -9.8292248e-01  2.3322544e-01
4.1092032e+01  -9.4585366e-01  3.5490165e-01
4.1217696e+01  -8.9378725e-01  4.7095893e-01
4.1343359e+01  -8.2754774e-01  5.7955701e-01
4.1469023e+01  -7.4818440e-01  6.7897373e-01
4.1594687e+01  -6.5695462e-01  7.6763239e-01
4.1720350e+01  -5.5530399e-01  8.4412676e-01
4.1846014e+01  -4.4484338e-01  9.0724336e-01
4.1971678e+01  -3.2732348e-01  9.5598072e-01
4.2097342e+01  -2.0460696e-01  9.8956528e-01
4.2223005e+01  -7.8639003e-02  1.0074637e+00
4.2348669e+01  4.8583523e-02  1.0093911e+00
4.2474333e+01  1.7504375e-01  9.9531609e-01
4.2599996e+01  2.9873677e-01  9.6546074e-01
4.2725660e+01  4.1770141e-01  9.2029740e-01
4.2851324e+01  5.3005136e-01  8.6054112e-01
4.2976988e+01  6.3400503e-01  7.8713834e-01
4.3102651e+01  7.2791384e-01  7.0125192e-01
4.3228315e+01  8.1028838e-01  6.0424271e-01
4.3353979e+01  8.7982198e-01  4.9764796e-01
4.3479642e+01  9.3541147e-01  3.8315700e-01
4.3605306e+01  9.7617469e-01  2.6258444e-01
4.3730970e+01  1.0014645e+00  1.3784143e-01
4.3856633e+01  1.0108789e+00  1.0905338e-02
4.3982297e+01  1.0042677e+00  -1.1621155e-01
4.4107961e+01  9.8173474e-01  -2.4149398e-01
4.4233625e+01  9.4363625e-01  -3.6295565e-01
4.4359288e+01  8.9057524e-01  -4.7867069e-01
4.4484952e+01  8.2339201e-01  -5.8680425e-01
4.4610616e+01  7.4315077e-01  -6.8564152e-01
4.4736279e+01  6.5112283e-01  -7.7361499e-01
4.4861943e+01  5.4876644e-01  -8.4932928e-01
4.4987607e+01  4.3770369e-01  -9.1158327e-01
4.5113271e+01  3.1969479e-01  -9.5938916e-01
4.5238934e+01  1.9661018e-01  -9.9198816e-01
4.5364598e+01  7.0400904e-02  -1.0088625e+00
4.5490262e+01  -5.6932361e-02  -1.0097437e+00
4.5615925e+01  -1.8337097e-01  -9.9461673e-01
4.5741589e+01  -3.0691036e-01  -9.6372048e-01
4.5867253e+01  -4.2559178e-01  -9.1754375e-01
4.5992916e+01  -5.3753339e-01  -8.5681768e-01
4.6118580e+01  -6.4096008e-01  -7.8250408e-01
4.6244244e+01  -7.3423163e-01  -6.9578025e-01
4.6369908e+01  -8.1586869e-01  -5.9802033e-01
4.6495571e+01  -8.8457630e-01  -4.9077346e-01
4.6621235e+01  -9.3926438e-01  -3.7573934e-01
4.6746899e+01  -9.7906504e-01  -2.5474117e-01
4.6872562e+01  -1.0033464e+00  -1.2969688e-01
4.6998226e+01  -1.0117225e+00  -2.5886073e-03
4.7123890e+01  -1.0040595e+00  1.2456863e-01
4.7249554e+01  -9.8047802e-01  2.4975891e-01
4.7375217e+01  -9.4135085e-01  3.7099740e-01
4.7500881e+01  -8.8729733e-01  4.8636175e-01
4.7626545e+01  -8.1917349e-01  5.9402267e-01
4.7752208e+01  -7.3805847e-01  6.9227283e-01
4.7877872e+01  -6.4523742e-01  7.7955402e-01
4.8003536e+01  -5.4218118e-01  8.5448184e-01
4.8129199e+01  -4.3052294e-01  9.1586762e-01
4.8254863e+01  -3.1203235e-01  9.6273732e-01
4.8380527e+01  -1.8858750e-01  9.9434699e-01
4.8506191e+01  -6.2145142e-02  1.0101945e+00
4.8631854e+01  6.5290327e-02  1.0100278e+00
4.8757518e+01  1.9169865e-01  9.9384828e-01
4.8883182e+01  3.1507571e-01  9.6191160e-01
4.9008845e+01  4.3346535e-01  9.1472307e-01
4.9134509e+01  5.4499034e-01  8.5302985e-01
4.9260173e+01  6.4788216e-01  7.7780909e-01
4.9385837e+01  7.4050906e-01  6.9025248e-01
4.9511500e+01  8.2140192e-01  5.9174735e-01
4.9637164e+01  8.8927755e-01  4.8385469e-01
4.9762828e+01  9.4305907e-01  3.6828441e-01
4.9888491e+01  9.8189296e-01  2.4686826e-01
5.0014155e+01  1.0051626e+00  1.2153076e-01
5.0139819e+01  1.0124982e+00  -5.7412725e-03
5.0265482e+01  1.0037824e+00  -1.3293022e-01
5.0391146e+01  9.7915230e-01  -2.5801965e-01
5.0516810e+01  9.3899752e-01  -3.7902632e-01
5.0642474e+01  8.8395364e-01  -4.9403155e-01
5.0768137e+01  8.1489238e-01  -6.0121173e-01
5.0893801e+01  7.3290776e-01  -6.9886715e-01
5.1019465e+01  6.3929872e-01  -7.8544902e-01
5.1145128e+01  5.3554858e-01  -8.5958401e-01
5.1270792e+01  4.2330155e-01  -9.2009602e-01
5.1396456e+01  3.0433662e-01  -9.6602488e-01
5.1522120e+01  1.8053940e-01  -9.9664152e-01
5.1647783e+01  5.3872254e-02  -1.0114596e+00
5.1773447e+01  -7.3656866e-02  -1.0102432e+00
5.1899111e+01  -2.0002620e-01  -9.9301067e-01
5.2024774e+01  -3.2323226e-01  -9.6003414e-01
5.2150438e+01  -4.4132157e-01  -9.1183545e-01
5.2276102e+01  -5.5242165e-01  -8.4917778e-01
5.2401765e+01  -6.5477073e-01  -7.7305359e-01
5.2527429e+01  -7.4674565e-01  -6.8466888e-01
5.2653093e+01  -8.2688761e-01  -5.8542413e-01
5.2778757e+01  -8.9392534e-01  -4.7689204e-01
5.2904420e+01  -9.4679521e-01  -3.6079268e-01
5.3030084e+01  -9.8465816e-01  -2.3896619e-01
5.3155748e+01  -1.0069130e+00  -1.1334359e-01
5.3281411e+01  -1.0132059e+00  1.4083752e-02
5.3407075e+01  -1.0034361e+00  1.4129576e-01
5.3532739e+01  -9.7775756e-01  2.6627563e-01
5.3658403e+01  -9.3657631e-01  3.8704184e-01
5.3784066e+01  -8.8054429e-01  5.0167954e-01
5.3909730e+01  -8.1054888e-01  6.0837089e-01
5.4035394e+01  -7.2769890e-01  7.0542396e-01
5.4161057e+01  -6.3330703e-01  7.9129950e-01
5.4286721e+01  -5.2886901e-01  8.6463536e-01
5.4412385e+01  -4.1603995e-01  9.2426811e-01
5.4538048e+01  -2.9660807e-01  9.6925151e-01
5.4663712e+01  -1.7246641e-01  9.9887147e-01
5.4789376e+01  -4.5582780e-02  1.0126575e+00
5.4915040e+01  8.2031418e-02  1.0103899e+00
5.5040703e+01  2.0835307e-01  9.9210385e-01
5.5166367e+01  3.3137943e-01  9.5808810e-01
5.5292031e+01  4.4915986e-01  9.0888097e-01
5.5417694e+01  5.5982679e-01  8.4526164e-01
5.5543358e+01  6.6162528e-01  7.6823781e-01
5.5669022e+01  7.5294091e-01  6.7902977e-01
5.5794686e+01  8.3232532e-01  5.7905102e-01
5.5920349e+01  8.9851924e-01  4.6988593e-01
5.6046013e+01  9.5047243e-01  3.5326460e-01
5.6171677e+01  9.8736034e-01  2.3103545e-01
5.6297340e+01  1.0085972e+00  1.0513590e-01
5.6423004e+01  1.0138454e+00  -2.2438280e-02
5.6548668e+01  1.0030207e+00  -1.4966469e-01
5.6674331e+01  9.7629379e-01  -2.7452629e-01
5.6799995e+01  9.3408729e-01  -3.9504341e-01
5.6925659e+01  8.7706942e-01  -5.0930514e-01
5.7051323e+01  8.0614318e-01  -6.1549963e-01
5.7176986e+01  7.2243217e-01  -7.1194277e-01
5.7302650e+01  6.2726270e-01  -7.9710500e-01
5.7428314e+01  5.2214287e-01  -8.6963547e-01
5.7553977e+01  4.0873858e-01  -9.2838351e-01
5.7679641e+01  2.8884719e-01  -9.7241689e-01
5.7805305e+01  1.6436904e-01  -1.0010366e+00
5.7930969e+01  3.7277260e-02  -1.0137880e+00
5.8056632e+01  -9.0413422e-02  -1.0104678e+00
5.8182296e+01  -2.1667868e-01  -9.9112779e-01
5.8307960e+01  -3.3951664e-01  -9.5607351e-01
5.8433623e+01  -4.5697967e-01  -9.0585974e-01
5.8559287e+01  -5.6720519e-01  -8.4128160e-01
5.8684951e+01  -6.6844528e-01  -7.6336200e-01
5.8810614e+01  -7.5909435e-01  -6.7333542e-01
5.8936278e+01  -8.3771460e-01  -5.7262837e-01
5.9061942e+01  -9.0305888e-01  -4.6283676e-01
5.9187606e+01  -9.5409039e-01  -3.4570062e-01
5.9313269e+01  -9.8999922e-01  -2.2307654e-01
5.9438933e+01  -1.0102151e+00  -9.6908228e-02
5.9564597e+01  -1.0144166e+00  3.0804305e-02
5.9690260e+01  -1.0025361e+00  1.5803644e-01
5.9815924e+01  -9.7476098e-01  2.8277104e-01
5.9941588e+01  -9.3153052e-01  4.0303045e-01
6.0067252e+01  -8.7352915e-01  5.1690782e-01
6.0192915e+01  -8.0167549e-01  6.2259739e-01
6.0318579e+01  -7.1710782e-01  7.1842307e-01
6.0444243e+01  -6.2116606e-01  8.0286506e-01
6.0569906e+01  -5.1537053e-01  8.7458392e-01
6.0695570e+01  -4.0139787e-01  9.3244185e-01
6.0821234e+01  -2.8105446e-01  9.7552073e-01
6.0946897e+01  -1.5624779e-01  1.0031367e+00
6.1072561e+01  -2.8956236e-02  1.0148509e+00
6.1198225e+01  9.8802318e-02  1.0104767e+00
6.1323889e+01  2.2500245e-01  9.9008243e-01
6.1449552e+01  3.4764333e-01  9.5399042e-01
6.1575216e+01  4.6478042e-01  9.0277186e-01
6.1700880e+01  5.7455632e-01  8.3723783e-01
6.1826543e+01  6.7523022e-01  7.5842639e-01
6.1952207e+01  7.6520548e-01  6.6758616e-01
6.2077871e+01  8.4305501e-01  5.6615655e-01
6.2203535e+01  9.0754385e-01  4.5574494e-01
6.2329198e+01  9.5764877e-01  3.3810120e-01
6.2454862e+01  9.9257453e-01  2.1508997e-01
6.2580526e+01  1.0117665e+00  8.8661093e-02
6.2706189e+01  1.0149194e+00  -3.9181272e-02
6.2831853e+01  1.0019822e+00  -1.6641044e-01


1.2566371e-01  9.9210432e-01  -1.2566371e-01
2.5132741e-01  9.6847961e-01  -2.4934301e-01
3.7699112e-01  9.2949943e-01  -3.6907701e-01
5.0265482e-01  8.7578081e-01  -4.8296724e-01
6.2831853e-01  8.0817447e-01  -5.8920775e-01
7.5398224e-01  7.2775135e-01  -6.8611375e-01
8.7964594e-01  6.3578566e-01  -7.7214835e-01
1.0053096e+00  5.3373468e-01  -8.4594689e-01
1.1309734e+00  4.2321566e-01  -9.0633864e-01
1.2566371e+00  3.0598021e-01  -9.5236532e-01
1.3823008e+00  1.8388653e-01  -9.8329635e-01
1.5079645e+00  5.8869954e-02  -9.9864042e-01
1.6336282e+00  -6.7087721e-02  -9.9815329e-01
1.7592919e+00  -1.9198966e-01  -9.8184169e-01
1.8849556e+00  -3.1385564e-01  -9.4996325e-01
2.0106193e+00  -4.3075343e-01  -9.0302238e-01
2.1362830e+00  -5.4082948e-01  -8.4176233e-01
2.2619467e+00  -6.4233823e-01  -7.6715340e-01
2.3876104e+00  -7.3366987e-01  -6.8037760e-01
2.5132741e+00  -8.1337582e-01  -5.8280988e-01
2.6389378e+00  -8.8019171e-01  -4.7599637e-01
2.7646015e+00  -9.3305746e-01  -3.6162990e-01
2.8902652e+00  -9.7113409e-01  -2.4152313e-01
3.0159289e+00  -9.9381702e-01  -1.1757983e-01
3.1415927e+00  -1.0007457e+00  8.2352723e-03
3.2672564e+00  -9.9180922e-01  1.3392766e-01
3.3929201e+00  -9.6714836e-01  2.5750463e-01
3.5185838e+00  -9.2715308e-01  3.7700690e-01
3.6442475e+00  -8.7245649e-01  4.9053967e-01
3.7699112e+00  -8.0392482e-01  5.9630264e-01
3.8955749e+00  -7.2264368e-01  6.9261859e-01
4.0212386e+00  -6.2990089e-01  7.7795998e-01
4.1469023e+00  -5.2716606e-01  8.5097313e-01
4.2725660e+00  -4.1606729e-01  9.1049976e-01
4.3982297e+00  -2.9836538e-01  9.5559530e-01
4.5238934e+00  -1.7592593e-01  9.8554392e-01
4.6495571e+00  -5.0689775e-02  9.9986988e-01
4.7752208e+00  7.5357810e-02  9.9834509e-01
4.9008845e+00  2.0021855e-01  9.8099273e-01
5.0265482e+00  3.2191287e-01  9.4808692e-01
5.1522120e+00  4.3851127e-01  9.0014836e-01
5.2778757e+00  5.4816490e-01  8.3793612e-01
5.4035394e+00  6.4913492e-01  7.6243561e-01
5.5292031e+00  7.3982004e-01  6.7484296e-01
5.6548668e+00  8.1878193e-01  5.7654609e-01
5.7805305e+00  8.8476800e-01  4.6910269e-01
5.9061942e+00  9.3673134e-01  3.5421558e-01
6.0318579e+00  9.7384724e-01  2.3370567e-01
6.1575216e+00  9.9552638e-01  1.0948315e-01
6.2831853e+00  1.0014241e+00  -1.6482826e-02
6.4088490e+00  9.9144585e-01  -1.4219534e-01
6.5345127e+00  9.6574892e-01  -2.6566137e-01
6.6601764e+00  9.2473967e-01  -3.8492338e-01
6.7858401e+00  8.6906732e-01  -4.9809037e-01
6.9115038e+00  7.9961356e-01  -6.0336782e-01
7.0371675e+00  7.1747863e-01  -6.9908622e-01
7.1628313e+00  6.2396388e-01  -7.8372748e-01
7.2884950e+00  5.2055116e-01  -8.5594903e-01
7.4141587e+00  4.0887932e-01  -9.1460512e-01
7.5398224e+00  2.9071827e-01  -9.5876498e-01
7.6654861e+00  1.6794089e-01  -9.8772761e-01
7.7911498e+00  4.2493372e-02  -1.0010329e+00
7.9168135e+00  -8.3635646e-02  -9.9846893e-01
8.0424772e+00  -2.0844659e-01  -9.8007537e-01
8.1681409e+00  -3.2996067e-01  -9.4614284e-01
8.2938046e+00  -4.4625122e-01  -8.9720831e-01
8.4194683e+00  -5.5547428e-01  -8.3404666e-01
8.5451320e+00  -6.5589783e-01  -7.5765833e-01
8.6707957e+00  -7.4592922e-01  -6.6925355e-01
8.7964594e+00  -8.2414048e-01  -5.7023311e-01
8.9221231e+00  -8.8929093e-01  -4.6216618e-01
9.0477868e+00  -9.4034689e-01  -3.4676547e-01
9.1734505e+00  -9.7649804e-01  -2.2586004e-01
9.2991143e+00  -9.9717033e-01  -1.0136636e-01
9.4247780e+00  -1.0020351e+00  2.4742117e-02
9.5504417e+00  -9.9101412e-01  1.5046620e-01
9.6761054e+00  -9.6428125e-01  2.7381267e-01
9.8017691e+00  -9.2225927e-01  3.9282589e-01
9.9274328e+00  -8.6561345e-01  5.0561878e-01
1.0053096e+01  -7.9524091e-01  6.1040277e-01
1.0178760e+01  -7.1225647e-01  7.0551614e-01
1.0304424e+01  -6.1797494e-01  7.8945040e-01
1.0430088e+01  -5.1389034e-01  8.6087417e-01
1.0555751e+01  -4.0165219e-01  9.1865434e-01
1.0681415e+01  -2.8303936e-01  9.6187404e-01
1.0807079e+01  -1.5993191e-01  9.8984716e-01
1.0932742e+01  -3.4281280e-02  1.0021293e+00
1.1058406e+01  9.1920674e-02  9.9852470e-01
1.1184070e+01  2.1667321e-01  9.7908957e-01
1.1309734e+01  3.3799845e-01  9.4413103e-01
1.1435397e+01  4.5397273e-01  8.9420233e-01
1.1561061e+01  5.6275708e-01  8.3009410e-01
1.1686725e+01  6.6262643e-01  7.5282180e-01
1.1812388e+01  7.5199692e-01  6.6360966e-01
1.1938052e+01  8.2945104e-01  5.6387129e-01
1.2063716e+01  8.9376011e-01  4.5518725e-01
1.2189379e+01  9.4390378e-01  3.3928003e-01
1.2315043e+01  9.7908620e-01  2.1798673e-01
1.2440707e+01  9.9874867e-01  9.3229976e-02
1.2566371e+01  1.0025785e+00  -3.3012598e-02
1.2692034e+01  9.9051396e-01  -1.5873967e-01
1.2817698e+01  9.6274536e-01  -2.8195797e-01
1.2943362e+01  9.1971195e-01  -4.0071387e-01
1.3069025e+01  8.6209500e-01  -5.1312437e-01
1.3194689e+01  7.9080706e-01  -6.1740695e-01
1.3320353e+01  7.0697745e-01  -7.1190785e-01
1.3446017e+01  6.1193441e-01  -7.9512826e-01
1.3571680e+01  5.0718400e-01  -8.6574812e-01
1.3697344e+01  3.9438632e-01  -9.2264707e-01
1.3823008e+01  2.7532912e-01  -9.6492219e-01
1.3948671e+01  1.5189951e-01  -9.9190234e-01
1.4074335e+01  2.6054034e-02  -1.0031589e+00
1.4199999e+01  -1.0021234e-01  -9.9851227e-01
1.4325663e+01  -2.2489785e-01  -9.7803528e-01
1.4451326e+01  -3.4602566e-01  -9.4205153e-01
1.4576990e+01  -4.6167524e-01  -8.9113052e-01
1.4702654e+01  -5.7001276e-01  -8.2607862e-01
1.4828317e+01  -6.6932022e-01  -7.4792624e-01
1.4953981e+01  -7.5802267e-01  -6.5791159e-01
1.5079645e+01  -8.3471317e-01  -5.5746100e-01
1.5205308e+01  -8.9817515e-01  -4.4816631e-01
1.5330972e+01  -9.4740169e-01  -3.3175971e-01
1.5456636e+01  -9.8161146e-01  -2.1008624e-01
1.5582300e+01  -1.0002612e+00  -8.5074527e-02
1.5707963e+01  -1.0030542e+00  4.1293721e-02
1.5833627e+01  -9.8994529e-01  1.6701519e-01
1.5959291e+01  -9.6114125e-01  2.9009668e-01
1.6084954e+01  -9.1709776e-01  4.0858674e-01
1.6210618e+01  -8.5851212e-01  5.2060658e-01
1.6336282e+01  -7.8631223e-01  6.2437985e-01
1.6461946e+01  -7.0164187e-01  7.1826085e-01
1.6587609e+01  -6.0584261e-01  8.0076061e-01
1.6713273e+01  -5.0043252e-01  8.7057048e-01
1.6838937e+01  -3.8708215e-01  9.2658294e-01
1.6964600e+01  -2.6758803e-01  9.6790911e-01
1.7090264e+01  -1.4384419e-01  9.9389291e-01
1.7215928e+01  -1.7812176e-02  1.0041214e+00
1.7341591e+01  1.0851008e-01  9.9843156e-01
1.7467255e+01  2.3311993e-01  9.7691248e-01
1.7592919e+01  3.5404173e-01  9.3990437e-01
1.7718583e+01  4.6935820e-01  8.8799299e-01
1.7844246e+01  5.7724079e-01  8.2200039e-01
1.7969910e+01  6.7597869e-01  7.4297191e-01
1.8095574e+01  7.6400598e-01  6.5215966e-01
1.8221237e+01  8.3992643e-01  5.5100259e-01
1.8346901e+01  9.0253566e-01  4.4110378e-01
1.8472565e+01  9.5084026e-01  3.2420498e-01
1.8598229e+01  9.8407353e-01  2.0215905e-01
1.8723892e+01  1.0017077e+00  7.6900541e-02
1.8849556e+01  1.0034621e+00  -4.9584937e-02
1.8975220e+01  9.8930805e-01  -1.7529220e-01
1.9100883e+01  9.5946892e-01  -2.9822826e-01
1.9226547e+01  9.1441679e-01  -4.1644396e-01
1.9352211e+01  8.5486495e-01  -5.2806486e-01
1.9477874e+01  7.8175662e-01  -6.3132092e-01
1.9603538e+01  6.9624999e-01  -7.2457464e-01
1.9729202e+01  5.9969988e-01  -8.0634699e-01
1.9854866e+01  4.9363629e-01  -8.7534084e-01
1.9980529e+01  3.7974012e-01  -9.3046159e-01
2.0106193e+01  2.5981656e-01  -9.7083451e-01
2.0231857e+01  1.3576647e-01  -9.9581862e-01
2.0357520e+01  9.5562442e-03  -1.0050169e+00
2.0483184e+01  -1.1681335e-01  -9.9828245e-01
2.0608848e+01  -2.4133890e-01  -9.7572113e-01
2.0734512e+01  -3.6204610e-01  -9.3768960e-01
2.0860175e+01  -4.7702105e-01  -8.8478984e-01
2.0985839e+01  -5.8444061e-01  -8.1785959e-01
2.1111503e+01  -6.8260132e-01  -7.3795906e-01
2.1237166e+01  -7.6994639e-01  -6.4635415e-01
2.1362830e+01  -8.4509039e-01  -5.4449643e-01
2.1488494e+01  -9.0684127e-01  -4.3400007e-01
2.1614157e+01  -9.5421919e-01  -3.1661630e-01
2.1739821e+01  -9.8647216e-01  -1.9420568e-01
2.1865485e+01  -1.0030879e+00  -6.8708548e-02
2.1991149e+01  -1.0038020e+00  5.7885695e-02
2.2116812e+01  -9.8860216e-01  1.8357013e-01
2.2242476e+01  -9.5772837e-01  3.0635213e-01
2.2368140e+01  -9.1166911e-01  4.2428496e-01
2.2493803e+01  -8.5115364e-01  5.3549866e-01
2.2619467e+01  -7.7714045e-01  6.3822966e-01
2.2745131e+01  -6.9080209e-01  7.3084875e-01
2.2870795e+01  -5.9350657e-01  8.1188695e-01
2.2996458e+01  -4.8679571e-01  8.8005878e-01
2.3122122e+01  -3.7236068e-01  9.3428267e-01
2.3247786e+01  -2.5201521e-01  9.7369809e-01
2.3373449e+01  -1.2766687e-01  9.9767924e-01
2.3499113e+01  -1.2867824e-03  1.0058450e+00
2.3624777e+01  1.2512159e-01  9.9806484e-01
2.3750440e+01  2.4955419e-01  9.7446120e-01
2.3876104e+01  3.7003820e-01  9.3540726e-01
2.4001768e+01  4.8466323e-01  8.8152120e-01
2.4127432e+01  5.9161171e-01  8.1365641e-01
2.4253095e+01  6.8918761e-01  7.3288792e-01
2.4378759e+01  7.7584342e-01  6.4049540e-01
2.4504423e+01  8.5020463e-01  5.3794289e-01
2.4630086e+01  9.1109158e-01  4.2685560e-01
2.4755750e+01  9.5753814e-01  3.0899414e-01
2.4881414e+01  9.8880707e-01  1.8622663e-01
2.5007078e+01  1.0044017e+00  6.0499080e-02
2.5132741e+01  1.0040738e+00  -6.6195441e-02
2.5258405e+01  9.8782758e-01  -1.9184842e-01
2.5384069e+01  9.5591963e-01  -3.1446772e-01
2.5509732e+01  9.0885481e-01  -4.3210918e-01
2.5635396e+01  8.4737834e-01  -5.4290745e-01
2.5761060e+01  7.7246394e-01  -6.4510553e-01
2.5886723e+01  6.8529846e-01  -7.3708266e-01
2.6012387e+01  5.8726302e-01  -8.1738003e-01
2.6138051e+01  4.7991118e-01  -8.8472391e-01
2.6263715e+01  3.6494426e-01  -9.3804582e-01
2.6389378e+01  2.4418446e-01  -9.7649956e-01
2.6515042e+01  1.1954591e-01  -9.9947455e-01
2.6640706e+01  -6.9956654e-03  -1.0066056e+00
2.6766369e+01  -1.3343422e-01  -9.9777866e-01
2.6892033e+01  -2.5776523e-01  -9.7313268e-01
2.7017697e+01  -3.7801746e-01  -9.3305739e-01
2.7143361e+01  -4.9228420e-01  -8.7818719e-01
2.7269024e+01  -5.9875354e-01  -8.0939105e-01
2.7394688e+01  -6.9573705e-01  -7.2775876e-01
2.7520352e+01  -7.8169659e-01  -6.3458372e-01
2.7646015e+01  -8.5526870e-01  -5.3134235e-01
2.7771679e+01  -9.1528622e-01  -4.1967081e-01
2.7897343e+01  -9.6079680e-01  -3.0133896e-01
2.8023006e+01  -9.9107802e-01  -1.7822240e-01
2.8148670e+01  -1.0056489e+00  -5.2272671e-02
2.8274334e+01  -1.0042774e+00  7.4513622e-02
2.8399998e+01  -9.8698425e-01  2.0012650e-01
2.8525661e+01  -9.5404270e-01  3.2257447e-01
2.8651325e+01  -9.0597398e-01  4.3991606e-01
2.8776989e+01  -8.4353921e-01  5.5029067e-01
2.8902652e+01  -7.6772733e-01  6.5194801e-01
2.9028316e+01  -6.7973939e-01  7.4327590e-01
2.9153980e+01  -5.8096958e-01  8.2282580e-01
2.9279644e+01  -4.7298309e-01  8.8933582e-01
2.9405307e+01  -3.5749133e-01  9.4175071e-01
2.9530971e+01  -2.3632481e-01  9.7923863e-01
2.9656635e+01  -1.1140410e-01  1.0012043e+00
2.9782298e+01  1.5290553e-02  1.0072986e+00
2.9907962e+01  1.4175070e-01  9.9742380e-01
3.0033626e+01  2.6597145e-01  9.7173554e-01
3.0159289e+01  3.8598331e-01  9.3064007e-01
3.0284953e+01  4.9988339e-01  8.7478794e-01
3.0410617e+01  6.0586556e-01  8.0506369e-01
3.0536281e+01  7.0224913e-01  7.2257185e-01
3.0661944e+01  7.8750545e-01  6.2861942e-01
3.0787608e+01  8.6028220e-01  5.2469519e-01
3.0913272e+01  9.1942483e-01  4.1244611e-01
3.1038935e+01  9.6399484e-01  2.9365124e-01
3.1164599e+01  9.9328475e-01  1.7019349e-01
3.1290263e+01  1.0068292e+00  4.4029856e-02
3.1415927e+01  1.0044126e+00  -8.2839682e-02
3.1541590e+01  9.8607212e-01  -2.0840381e-01
3.1667254e+01  9.5209761e-01  -3.3067180e-01
3.1792918e+01  9.0302670e-01  -4.4770503e-01
3.1918581e+01  8.3963642e-01  -5.5764778e-01
3.2044245e+01  7.6293083e-01  -6.5875659e-01
3.2169909e+01  6.7412517e-01  -7.4942797e-01
3.2295572e+01  5.7462659e-01  -8.2822380e-01
3.2421236e+01  4.6601185e-01  -8.9389411e-01
3.2546900e+01  3.5000232e-01  -9.4539698e-01
3.2672564e+01  2.2843673e-01  -9.8191502e-01
3.2798227e+01  1.0324198e-01  -1.0028683e+00
3.2923891e+01  -2.3597333e-02  -1.0079238e+00
3.3049555e+01  -1.5007045e-01  -9.9700019e-01
3.3175218e+01  -2.7417228e-01  -9.7026979e-01
3.3300882e+01  -3.9393520e-01  -9.2815534e-01
3.3426546e+01  -5.0746025e-01  -8.7132356e-01
3.3552210e+01  -6.1294726e-01  -8.0067453e-01
3.3677873e+01  -7.0872335e-01  -7.1732743e-01
3.3803537e+01  -7.9326952e-01  -6.2260284e-01
3.3929201e+01  -8.6524469e-01  -5.1800178e-01
3.4054864e+01  -9.2350702e-01  -4.0518194e-01
3.4180528e+01  -9.6713196e-01  -2.8593144e-01
3.4306192e+01  -9.9542700e-01  -1.6214043e-01
3.4431855e+01  -1.0079426e+00  -3.5771175e-02
3.4557519e+01  -1.0044793e+00  9.1173064e-02
3.4683183e+01  -9.8509114e-01  2.1667979e-01
3.4808847e+01  -9.5008438e-01  3.3875915e-01
3.4934510e+01  -9.0001309e-01  4.5547554e-01
3.5060174e+01  -8.3567012e-01  5.6497823e-01
3.5185838e+01  -7.5807468e-01  6.6553075e-01
3.5311501e+01  -6.6845610e-01  7.5553840e-01
3.5437165e+01  -5.6823443e-01  8.3357358e-01
3.5562829e+01  -4.5899788e-01  8.9839839e-01
3.5688493e+01  -3.4247771e-01  9.4898430e-01
3.5814156e+01  -2.2052073e-01  9.8452844e-01
3.5939820e+01  -9.5060075e-02  1.0044664e+00
3.6065484e+01  3.1915455e-02  1.0084810e+00
3.6191147e+01  1.5839292e-01  9.9650776e-01
3.6316811e+01  2.8236716e-01  9.6873540e-01
3.6442475e+01  4.0187256e-01  9.2560327e-01
3.6568138e+01  5.1501424e-01  8.6779421e-01
3.6693802e+01  6.1999809e-01  7.9622378e-01
3.6819466e+01  7.1515921e-01  7.1202579e-01
3.6945130e+01  7.9898834e-01  6.1653430e-01
3.7070793e+01  8.7015576e-01  5.1126251e-01
3.7196457e+01  9.2753243e-01  3.9787874e-01
3.7322121e+01  9.7020785e-01  2.7818006e-01
3.7447784e+01  9.9750453e-01  1.5406372e-01
3.7573448e+01  1.0089888e+00  2.7497167e-02
3.7699112e+01  1.0044775e+00  -9.9513210e-02
3.7824776e+01  9.8404127e-01  -2.2495385e-01
3.7950439e+01  9.4800306e-01  -3.4683596e-01
3.8076103e+01  8.9693323e-01  -4.6322703e-01
3.8201767e+01  8.3164051e-01  -5.7228149e-01
3.8327430e+01  7.5315912e-01  -6.7226997e-01
3.8453094e+01  6.6273248e-01  -7.6160670e-01
3.8578758e+01  5.6179344e-01  -8.3887472e-01
3.8704421e+01  4.5194159e-01  -9.0284827e-01
3.8830085e+01  3.3491794e-01  -9.5251232e-01
3.8955749e+01  2.1257730e-01  -9.8707862e-01
3.9081413e+01  8.6858904e-02  -1.0059982e+00
3.9207076e+01  -4.0244370e-02  -1.0089702e+00
3.9332740e+01  -1.6671754e-01  -9.9594641e-01
3.9458404e+01  -2.9055551e-01  -9.6713239e-01
3.9584067e+01  -4.0979482e-01  -9.2298393e-01
3.9709731e+01  -5.2254479e-01  -8.6420001e-01
3.9835395e+01  -6.2701752e-01  -7.9171164e-01
3.9961059e+01  -7.2155621e-01  -7.0666720e-01
4.0086722e+01  -8.0466144e-01  -6.1041415e-01
4.0212386e+01  -8.7501500e-01  -5.0447777e-01
4.0338050e+01  -9.3150070e-01  -3.9053695e-01
4.0463713e+01  -9.7322219e-01  -2.7039756e-01
4.0589377e+01  -9.9951709e-01  -1.4596388e-01
4.0715041e+01  -1.0099676e+00  -1.9208373e-02
4.0840704e+01  -1.0044070e+00  1.0785956e-01
4.0966368e+01  -9.8292248e-01  2.3322544e-01
4.1092032e+01  -9.4585366e-01  3.5490165e-01
4.1217696e+01  -8.9378725e-01  4.7095893e-01
4.1343359e+01  -8.2754774e-01  5.7955701e-01
4.1469023e+01  -7.4818440e-01  6.7897373e-01
4.1594687e+01  -6.5695462e-01  7.6763239e-01
4.1720350e+01  -5.5530399e-01  8.4412676e-01
4.1846014e+01  -4.4484338e-01  9.0724336e-01
4.1971678e+01  -3.2732348e-01  9.5598072e-01
4.2097342e+01  -2.0460696e-01  9.8956528e-01
4.2223005e+01  -7.8639003e-02  1.0074637e+00
4.2348669e+01  4.8583523e-02  1.0093911e+00
4.2474333e+01  1.7504375e-01  9.9531609e-01
4.2599996e+01  2.9873677e-01  9.6546074e-01
4.2725660e+01  4.1770141e-01  9.2029740e-01
4.2851324e+01  5.3005136e-01  8.6054112e-01
4.2976988e+01  6.3400503e-01  7.8713834e-01
4.3102651e+01  7.2791384e-01  7.0125192e-01
4.3228315e+01  8.1028838e-01  6.0424271e-01
4.3353979e+01  8.7982198e-01  4.9764796e-01
4.3479642e+01  9.3541147e-01  3.8315700e-01
4.3605306e+01  9.7617469e-01  2.6258444e-01
4.3730970e+01  1.0014645e+00  1.3784143e-01
4.3856633e+01  1.0108789e+00  1.0905338e-02
4.3982297e+01  1.0042677e+00  -1.1621155e-01
4.4107961e+01  9.8173474e-01  -2.4149398e-01
4.4233625e+01  9.4363625e-01  -3.6295565e-01
4.4359288e+01  8.9057524e-01  -4.7867069e-01
4.4484952e+01  8.2339201e-01  -5.8680425e-01
4.4610616e+01  7.4315077e-01  -6.8564152e-01
4.4736279e+01  6.5112283e-01  -7.7361499e-01
4.4861943e+01  5.4876644e-01  -8.4932928e-01
4.4987607e+01  4.3770369e-01  -9.1158327e-01
4.5113271e+01  3.1969479e-01  -9.5938916e-01
4.5238934e+01  1.9661018e-01  -9.9198816e-01
4.5364598e+01  7.0400904e-02  -1.0088625e+00
4.5490262e+01  -5.6932361e-02  -1.0097437e+00
4.5615925e+01  -1.8337097e-01  -9.9461673e-01
4.5741589e+01  -3.0691036e-01  -9.6372048e-01
4.5867253e+01  -4.2559178e-01  -9.1754375e-01
4.5992916e+01  -5.3753339e-01  -8.5681768e-01
4.6118580e+01  -6.4096008e-01  -7.8250408e-01
4.6244244e+01  -7.3423163e-01  -6.9578025e-01
4.6369908e+01  -8.1586869e-01  -5.9802033e-01
4.6495571e+01  -8.8457630e-01  -4.9077346e-01
4.6621235e+01  -9.3926438e-01  -3.7573934e-01
4.6746899e+01  -9.7906504e-01  -2.5474117e-01
4.6872562e+01  -1.0033464e+00  -1.2969688e-01
4.6998226e+01  -1.0117225e+00  -2.5886073e-03
4.7123890e+01  -1.0040595e+00  1.2456863e-01
4.7249554e+01  -9.8047802e-01  2.4975891e-01
4.7375217e+01  -9.4135085e-01  3.7099740e-01
4.7500881e+01  -8.8729733e-01  4.8636175e-01
4.7626545e+01  -8.1917349e-01  5.9402267e-01
4.7752208e+01  -7.3805847e-01  6.9227283e-01
4.7877872e+01  -6.4523742e-01  7.7955402e-01
4.8003536e+01  -5.4218118e-01  8.5448184e-01
4.8129199e+01  -4.3052294e-01  9.1586762e-01
4.8254863e+01  -3.1203235e-01  9.6273732e-01
4.8380527e+01  -1.8858750e-01  9.9434699e-01
4.8506191e+01  -6.2145142e-02  1.0101945e+00
4.8631854e+01  6.5290327e-02  1.0100278e+00
4.8757518e+01  1.9169865e-01  9.9384828e-01
4.8883182e+01  3.1507571e-01  9.6191160e-01
4.9008845e+01  4.3346535e-01  9.1472307e-01
4.9134509e+01  5.4499034e-01  8.5302985e-01
4.9260173e+01  6.4788216e-01  7.7780909e-01
4.9385837e+01  7.4050906e-01  6.9025248e-01
4.9511500e+01  8.2140192e-01  5.9174735e-01
4.9637164e+01  8.8927755e-01  4.8385469e-01
4.9762828e+01  9.4305907e-01  3.6828441e-01
4.9888491e+01  9.8189296e-01  2.4686826e-01
5.0014155e+01  1.0051626e+00  1.2153076e-01
5.0139819e+01  1.0124982e+00  -5.7412725e-03
5.0265482e+01  1.0037824e+00  -1.3293022e-01
5.0391146e+01  9.7915230e-01  -2.5801965e-01
5.0516810e+01  9.3899752e-01  -3.7902632e-01
5.0642474e+01  8.8395364e-01  -4.9403155e-01
5.0768137e+01  8.1489238e-01  -6.0121173e-01
5.0893801e+01  7.3290776e-01  -6.9886715e-01
5.1019465e+01  6.3929872e-01  -7.8544902e-01
5.1145128e+01  5.3554858e-01  -8.5958401e-01
5.1270792e+01  4.2330155e-01  -9.2009602e-01
5.1396456e+01  3.0433662e-01  -9.6602488e-01
5.1522120e+01  1.8053940e-01  -9.9664152e-01
5.1647783e+01  5.3872254e-02  -1.0114596e+00
5.1773447e+01  -7.3656866e-02  -1.0102432e+00
5.1899111e+01  -2.0002620e-01  -9.9301067e-01
5.2024774e+01  -3.2323226e-01  -9.6003414e-01
5.2150438e+01  -4.4132157e-01  -9.1183545e-01
5.2276102e+01  -5.5242165e-01  -8.4917778e-01
5.2401765e+01  -6.5477073e-01  -7.7305359e-01
5.2527429e+01  -7.4674565e-01  -6.8466888e-01
5.2653093e+01  -8.2688761e-01  -5.8542413e-01
5.2778757e+01  -8.9392534e-01  -4.7689204e-01
5.2904420e+01  -9.4679521e-01  -3.6079268e-01
5.3030084e+01  -9.8465816e-01  -2.3896619e-01
5.3155748e+01  -1.0069130e+00  -1.1334359e-01
5.3281411e+01  -1.0132059e+00  1.4083752e-02
5.3407075e+01  -1.0034361e+00  1.4129576e-01
5.3532739e+01  -9.7775756e-01  2.6627563e-01
5.3658403e+01  -9.3657631e-01  3.8704184e-01
5.3784066e+01  -8.8054429e-01  5.0167954e-01
5.3909730e+01  -8.1054888e-01  6.0837089e-01
5.4035394e+01  -7.2769890e-01  7.0542396e-01
5.4161057e+01  -6.3330703e-01  7.9129950e-01
5.4286721e+01  -5.2886901e-01  8.6463536e-01
5.4412385e+01  -4.1603995e-01  9.2426811e-01
5.4538048e+01  -2.9660807e-01  9.6925151e-01
5.4663712e+01  -1.7246641e-01  9.9887147e-01
5.4789376e+01  -4.5582780e-02  1.0126575e+00
5.4915040e+01  8.2031418e-02  1.0103899e+00
5.5040703e+01  2.0835307e-01  9.9210385e-01
5.5166367e+01  3.3137943e-01  9.5808810e-01
5.5292031e+01  4.4915986e-01  9.0888097e-01
5.5417694e+01  5.5982679e-01  8.4526164e-01
5.5543358e+01  6.6162528e-01  7.6823781e-01
5.5669022e+01  7.5294091e-01  6.7902977e-01
5.5794686e+01  8.3232532e-01  5.7905102e-01
5.5920349e+01  8.9851924e-01  4.6988593e-01
5.6046013e+01  9.5047243e-01  3.5326460e-01
5.6171677e+01  9.8736034e-01  2.3103545e-01
5.6297340e+01  1.0085972e+00  1.0513590e-01
5.6423004e+01  1.0138454e+00  -2.2438280e-02
5.6548668e+01  1.0030207e+00  -1.4966469e-01
5.6674331e+01  9.7629379e-01  -2.7452629e-01
5.6799995e+01  9.3408729e-01  -3.9504341e-01
5.6925659e+01  8.7706942e-01  -5.0930514e-01
5.7051323e+01  8.0614318e-01  -6.1549963e-01
5.7176986e+01  7.2243217e-01  -7.1194277e-01
5.7302650e+01  6.2726270e-01  -7.9710500e-01
5.7428314e+01  5.2214287e-01  -8.6963547e-01
5.7553977e+01  4.0873858e-01  -9.2838351e-01
5.7679641e+01  2.8884719e-01  -9.7241689e-01
5.7805305e+01  1.6436904e-01  -1.0010366e+00
5.7930969e+01  3.7277260e-02  -1.0137880e+00
5.8056632e+01  -9.0413422e-02  -1.0104678e+00
5.8182296e+01  -2.1667868e-01  -9.9112779e-01
5.8307960e+01  -3.3951664e-01  -9.5607351e-01
5.8433623e+01  -4.5697967e-01  -9.0585974e-01
5.8559287e+01  -5.6720519e-01  -8.4128160e-01
5.8684951e+01  -6.6844528e-01  -7.6336200e-01
5.8810614e+01  -7.5909435e-01  -6.7333542e-01
5.8936278e+01  -8.3771460e-01  -5.7262837e-01
5.9061942e+01  -9.0305888e-01  -4.6283676e-01
5.9187606e+01  -9.5409039e-01  -3.4570062e-01
5.9313269e+01  -9.8999922e-01  -2.2307654e-01
5.9438933e+01  -1.0102151e+00  -9.6908228e-02
5.9564597e+01  -1.0144166e+00  3.0804305e-02
5.9690260e+01  -1.0025361e+00  1.5803644e-01
5.9815924e+01  -9.7476098e-01  2.8277104e-01
5.9941588e+01  -9.3153052e-01  4.0303045e-01
6.0067252e+01  -8.7352915e-01  5.1690782e-01
6.0192915e+01  -8.0167549e-01  6.2259739e-01
6.0318579e+01  -7.1710782e-01  7.1842307e-01
6.0444243e+01  -6.2116606e-01  8.0286506e-01
6.0569906e+01  -5.1537053e-01  8.7458392e-01
6.0695570e+01  -4.0139787e-01  9.3244185e-01
6.0821234e+01  -2.8105446e-01  9.7552073e-01
6.0946897e+01  -1.5624779e-01  1.0031367e+00
6.1072561e+01  -2.8956236e-02  1.0148509e+00
6.1198225e+01  9.8802318e-02  1.0104767e+00
6.1323889e+01  2.2500245e-01  9.9008243e-01
6.1449552e+01  3.4764333e-01  9.5399042e-01
6.1575216e+01  4.6478042e-01  9.0277186e-01
6.1700880e+01  5.7455632e-01  8.3723783e-01
6.1826543e+01  6.7523022e-01  7.5842639e-01
6.1952207e+01  7.6520548e-01  6.6758616e-01
6.2077871e+01  8.4305501e-01  5.6615655e-01
6.2203535e+01  9.0754385e-01  4.5574494e-01
6.2329198e+01  9.5764877e-01  3.3810120e-01
6.2454862e+01  9.9257453e-01  2.1508997e-01
6.2580526e+01  1.0117665e+00  8.8661093e-02
6.2706189e+01  1.0149194e+00  -3.9181272e-02
6.2831853e+01  1.0019822e+00  -1.6641044e-01


1.2566371e-01  9.9211471e-01  -1.2533297e-01
2.5132741e-01  9.6858324e-01  -2.4868937e-01
3.7699112e-01  9.2977670e-01  -3.6812380e-01
5.0265482e-01  8.7630708e-01  -4.8175271e-01
6.2831853e-01  8.0901765e-01  -5.8778412e-01
7.5398224e-01  7.2896957e-01  -6.8454586e-01
8.7964594e-01  6.3742527e-01  -7.7051194e-01
1.0053096e+00  5.3582843e-01  -8.4432663e-01
1.1309734e+00  4.2578130e-01  -9.0482584e-01
1.2566371e+00  3.0901938e-01  -9.5105545e-01
1.3823008e+00  1.8738406e-01  -9.8228642e-01
1.5079645e+00  6.2793609e-02  -9.9802621e-01
1.6336282e+00  -6.2787128e-02  -9.9802659e-01
1.7592919e+00  -1.8737767e-01  -9.8228756e-01
1.8849556e+00  -3.0901316e-01  -9.5105733e-01
2.0106193e+00  -4.2577535e-01  -9.0482843e-01
2.1362830e+00  -5.3582282e-01  -8.4432990e-01
2.2619467e+00  -6.3742008e-01  -7.7051584e-01
2.3876104e+00  -7.2896487e-01  -6.8455035e-01
2.5132741e+00  -8.0901350e-01  -5.8778913e-01
2.6389378e+00  -8.7630355e-01  -4.8175818e-01
2.7646015e+00  -9.2977382e-01  -3.6812964e-01
2.8902652e+00  -9.6858107e-01  -2.4869552e-01
3.0159289e+00  -9.9211327e-01  -1.2533933e-01
3.1415927e+00  -9.9999932e-01  -6.4916345e-06
3.2672564e+00  -9.9211484e-01  1.2532645e-01
3.3929201e+00  -9.6858419e-01  2.4868291e-01
3.5185838e+00  -9.2977845e-01  3.6811751e-01
3.6442475e+00  -8.7630961e-01  4.8174669e-01
3.7699112e+00  -8.0902091e-01  5.8777847e-01
3.8955749e+00  -7.2897352e-01  6.8454066e-01
4.0212386e+00  -6.3742984e-01  7.7050727e-01
4.1469023e+00  -5.3583355e-01  8.4432257e-01
4.2725660e+00  -4.2578688e-01  9.0482245e-01
4.3982297e+00  -3.0902534e-01  9.5105280e-01
4.5238934e+00  -1.8739031e-01  9.8228453e-01
4.6495571e+00  -6.2800045e-02  9.9802512e-01
4.7752208e+00  6.2780607e-02  9.9802631e-01
4.9008845e+00  1.8737117e-01  9.8228810e-01
5.0265482e+00  3.0900678e-01  9.5105869e-01
5.1522120e+00  4.2576918e-01  9.0483057e-01
5.2778757e+00  5.3581697e-01  8.4433280e-01
5.4035394e+00  6.3741464e-01  7.7051946e-01
5.5292031e+00  7.2895993e-01  6.8455461e-01
5.6548668e+00  8.0900913e-01  5.8779398e-01
5.7805305e+00  8.7629983e-01  4.8176354e-01
5.9061942e+00  9.2977080e-01  3.6813543e-01
6.0318579e+00  9.6857879e-01  2.4870163e-01
6.1575216e+00  9.9211178e-01  1.2534569e-01
6.2831853e+00  9.9999864e-01  1.2983260e-05
6.4088490e+00  9.9211498e-01  -1.2531992e-01
6.5345127e+00  9.6858514e-01  -2.4867646e-01
6.6601764e+00  9.2978021e-01  -3.6811122e-01
6.7858401e+00  8.7631214e-01  -4.8174068e-01
6.9115038e+00  8.0902417e-01  -5.8777282e-01
7.0371675e+00  7.2897747e-01  -6.8453546e-01
7.1628313e+00  6.3743440e-01  -7.7050261e-01
7.2884950e+00  5.3583866e-01  -8.4431852e-01
7.4141587e+00  4.2579247e-01  -9.0481907e-01
7.5398224e+00  3.0903131e-01  -9.5105014e-01
7.6654861e+00  1.8739656e-01  -9.8228265e-01
7.7911498e+00  6.2806481e-02  -9.9802403e-01
7.9168135e+00  -6.2774085e-02  -9.9802604e-01
8.0424772e+00  -1.8736466e-01  -9.8228865e-01
8.1681409e+00  -3.0900039e-01  -9.5106004e-01
8.2938046e+00  -4.2576302e-01  -9.0483272e-01
8.4194683e+00  -5.3581113e-01  -8.4433570e-01
8.5451320e+00  -6.3740920e-01  -7.7052307e-01
8.6707957e+00  -7.2895499e-01  -6.8455888e-01
8.7964594e+00  -8.0900476e-01  -5.8779883e-01
8.9221231e+00  -8.7629610e-01  -4.8176890e-01
9.0477868e+00  -9.2976778e-01  -3.6814121e-01
9.1734505e+00  -9.6857652e-01  -2.4870775e-01
9.2991143e+00  -9.9211029e-01  -1.2535204e-01
9.4247780e+00  -9.9999795e-01  -1.9474877e-05
9.5504417e+00  -9.9211512e-01  1.2531339e-01
9.6761054e+00  -9.6858610e-01  2.4867000e-01
9.8017691e+00  -9.2978196e-01  3.6810494e-01
9.9274328e+00  -8.7631467e-01  4.8173466e-01
1.0053096e+01  -8.0902744e-01  5.8776716e-01
1.0178760e+01  -7.2898141e-01  6.8453026e-01
1.0304424e+01  -6.3743897e-01  7.7049795e-01
1.0430088e+01  -5.3584378e-01  8.4431446e-01
1.0555751e+01  -4.2579805e-01  9.0481569e-01
1.0681415e+01  -3.0903727e-01  9.5104749e-01
1.0807079e+01  -1.8740281e-01  9.8228076e-01
1.0932742e+01  -6.2812917e-02  9.9802294e-01
1.1058406e+01  6.2767563e-02  9.9802577e-01
1.1184070e+01  1.8735816e-01  9.8228919e-01
1.1309734e+01  3.0899401e-01  9.5106140e-01
1.1435397e+01  4.2575685e-01  9.0483487e-01
1.1561061e+01  5.3580528e-01  8.4433861e-01
1.1686725e+01  6.3740376e-01  7.7052668e-01
1.1812388e+01  7.2895005e-01  6.8456314e-01
1.1938052e+01  8.0900040e-01  5.8780369e-01
1.2063716e+01  8.7629237e-01  4.8177426e-01
1.2189379e+01  9.2976475e-01  3.6814700e-01
1.2315043e+01  9.6857424e-01  2.4871387e-01
1.2440707e+01  9.9210880e-01  1.2535840e-01
1.2566371e+01  9.9999727e-01  2.5966485e-05
1.2692034e+01  9.9211525e-01  -1.2530687e-01
1.2817698e+01  9.6858705e-01  -2.4866354e-01
1.2943362e+01  9.2978372e-01  -3.6809865e-01
1.3069025e+01  8.7631720e-01  -4.8172864e-01
1.3194689e+01  8.0903070e-01  -5.8776151e-01
1.3320353e+01  7.2898536e-01  -6.8452506e-01
1.3446017e+01  6.3744354e-01  -7.7049328e-01
1.3571680e+01  5.3584889e-01  -8.4431041e-01
1.3697344e+01  4.2580363e-01  -9.0481231e-01
1.3823008e+01  3.0904323e-01  -9.5104483e-01
1.3948671e+01  1.8740906e-01  -9.8227887e-01
1.4074335e+01  6.2819353e-02  -9.9802185e-01
1.4199999e+01  -6.2761042e-02  -9.9802549e-01
1.4325663e+01  -1.8735165e-01  -9.8228974e-01
1.4451326e+01  -3.0898762e-01  -9.5106276e-01
1.4576990e+01  -4.2575069e-01  -9.0483701e-01
1.4702654e+01  -5.3579943e-01  -8.4434151e-01
1.4828317e+01  -6.3739833e-01  -7.7053029e-01
1.4953981e+01  -7.2894511e-01  -6.8456741e-01
1.5079645e+01  -8.0899603e-01  -5.8780854e-01
1.5205308e+01  -8.7628865e-01  -4.8177962e-01
1.5330972e+01  -9.2976173e-01  -3.6815278e-01
1.5456636e+01  -9.6857197e-01  -2.4871999e-01
1.5582300e+01  -9.9210731e-01  -1.2536475e-01
1.5707963e+01  -9.9999659e-01  -3.2458084e-05
1.5833627e+01  -9.9211539e-01  1.2530034e-01
1.5959291e+01  -9.6858800e-01  2.4865708e-01
1.6084954e+01  -9.2978547e-01  3.6809236e-01
1.6210618e+01  -8.7631973e-01  4.8172262e-01
1.6336282e+01  -8.0903397e-01  5.8775586e-01
1.6461946e+01  -7.2898931e-01  6.8451986e-01
1.6587609e+01  -6.3744810e-01  7.7048862e-01
1.6713273e+01  -5.3585401e-01  8.4430636e-01
1.6838937e+01  -4.2580922e-01  9.0480893e-01
1.6964600e+01  -3.0904919e-01  9.5104218e-01
1.7090264e+01  -1.8741531e-01  9.8227699e-01
1.7215928e+01  -6.2825789e-02  9.9802076e-01
1.7341591e+01  6.2754520e-02  9.9802522e-01
1.7467255e+01  1.8734515e-01  9.8229029e-01
1.7592919e+01  3.0898124e-01  9.5106412e-01
1.7718583e+01  4.2574452e-01  9.0483916e-01
1.7844246e+01  5.3579359e-01  8.4434441e-01
1.7969910e+01  6.3739289e-01  7.7053390e-01
1.8095574e+01  7.2894017e-01  6.8457167e-01
1.8221237e+01  8.0899166e-01  5.8781339e-01
1.8346901e+01  8.7628492e-01  4.8178498e-01
1.8472565e+01  9.2975870e-01  3.6815857e-01
1.8598229e+01  9.6856969e-01  2.4872611e-01
1.8723892e+01  9.9210582e-01  1.2537111e-01
1.8849556e+01  9.9999591e-01  3.8949674e-05
1.8975220e+01  9.9211553e-01  -1.2529382e-01
1.9100883e+01  9.6858896e-01  -2.4865063e-01
1.9226547e+01  9.2978723e-01  -3.6808608e-01
1.9352211e+01  8.7632226e-01  -4.8171661e-01
1.9477874e+01  8.0903723e-01  -5.8775020e-01
1.9603538e+01  7.2899325e-01  -6.8451466e-01
1.9729202e+01  6.3745267e-01  -7.7048395e-01
1.9854866e+01  5.3585912e-01  -8.4430230e-01
1.9980529e+01  4.2581480e-01  -9.0480555e-01
2.0106193e+01  3.0905516e-01  -9.5103952e-01
2.0231857e+01  1.8742156e-01  -9.8227510e-01
2.0357520e+01  6.2832224e-02  -9.9801967e-01
2.0483184e+01  -6.2747998e-02  -9.9802495e-01
2.0608848e+01  -1.8733865e-01  -9.8229083e-01
2.0734512e+01  -3.0897485e-01  -9.5106547e-01
2.0860175e+01  -4.2573836e-01  -9.0484131e-01
2.0985839e+01  -5.3578774e-01  -8.4434731e-01
2.1111503e+01  -6.3738745e-01  -7.7053752e-01
2.1237166e+01  -7.2893522e-01  -6.8457594e-01
2.1362830e+01  -8.0898729e-01  -5.8781824e-01
2.1488494e+01  -8.7628120e-01  -4.8179034e-01
2.1614157e+01  -9.2975568e-01  -3.6816435e-01
2.1739821e+01  -9.6856742e-01  -2.4873222e-01
2.1865485e+01  -9.9210433e-01  -1.2537746e-01
2.1991149e+01  -9.9999522e-01  -4.5441256e-05
2.2116812e+01  -9.9211566e-01  1.2528729e-01
2.2242476e+01  -9.6858991e-01  2.4864417e-01
2.2368140e+01  -9.2978898e-01  3.6807979e-01
2.2493803e+01  -8.7632479e-01  4.8171059e-01
2.2619467e+01  -8.0904049e-01  5.8774455e-01
2.2745131e+01  -7.2899720e-01  6.8450946e-01
2.2870795e+01  -6.3745724e-01  7.7047929e-01
2.2996458e+01  -5.3586424e-01  8.4429825e-01
2.3122122e+01  -4.2582038e-01  9.0480216e-01
2.3247786e+01  -3.0906112e-01  9.5103687e-01
2.3373449e+01  -1.8742781e-01  9.8227321e-01
2.3499113e+01  -6.2838660e-02  9.9801858e-01
2.3624777e+01  6.2741477e-02  9.9802467e-01
2.3750440e+01  1.8733214e-01  9.8229138e-01
2.3876104e+01  3.0896847e-01  9.5106683e-01
2.4001768e+01  4.2573220e-01  9.0484345e-01
2.4127432e+01  5.3578189e-01  8.4435021e-01
2.4253095e+01  6.3738202e-01  7.7054113e-01
2.4378759e+01  7.2893028e-01  6.8458020e-01
2.4504423e+01  8.0898293e-01  5.8782309e-01
2.4630086e+01  8.7627747e-01  4.8179570e-01
2.4755750e+01  9.2975265e-01  3.6817013e-01
2.4881414e+01  9.6856514e-01  2.4873834e-01
2.5007078e+01  9.9210284e-01  1.2538382e-01
2.5132741e+01  9.9999454e-01  5.1932828e-05
2.5258405e+01  9.9211580e-01  -1.2528076e-01
2.5384069e+01  9.6859086e-01  -2.4863771e-01
2.5509732e+01  9.2979074e-01  -3.6807350e-01
2.5635396e+01  8.7632732e-01  -4.8170457e-01
2.5761060e+01  8.0904376e-01  -5.8773890e-01
2.5886723e+01  7.2900114e-01  -6.8450426e-01
2.6012387e+01  6.3746180e-01  -7.7047463e-01
2.6138051e+01  5.3586935e-01  -8.4429419e-01
2.6263715e+01  4.2582597e-01  -9.0479878e-01
2.6389378e+01  3.0906708e-01  -9.5103421e-01
2.6515042e+01  1.8743405e-01  -9.8227133e-01
2.6640706e+01  6.2845096e-02  -9.9801750e-01
2.6766369e+01  -6.2734955e-02  -9.9802440e-01
2.6892033e+01  -1.8732564e-01  -9.8229192e-01
2.7017697e+01  -3.0896209e-01  -9.5106819e-01
2.7143361e+01  -4.2572603e-01  -9.0484560e-01
2.7269024e+01  -5.3577605e-01  -8.4435312e-01
2.7394688e+01  -6.3737658e-01  -7.7054474e-01
2.7520352e+01  -7.2892534e-01  -6.8458447e-01
2.7646015e+01  -8.0897856e-01  -5.8782794e-01
2.7771679e+01  -8.7627375e-01  -4.8180106e-01
2.7897343e+01  -9.2974963e-01  -3.6817592e-01
2.8023006e+01  -9.6856286e-01  -2.4874446e-01
2.8148670e+01  -9.9210134e-01  -1.2539017e-01
2.8274334e+01  -9.9999386e-01  -5.8424392e-05
2.8399998e+01  -9.9211594e-01  1.2527424e-01
2.8525661e+01  -9.6859182e-01  2.4863125e-01
2.8651325e+01  -9.2979249e-01  3.6806722e-01
2.8776989e+01  -8.7632985e-01  4.8169855e-01
2.8902652e+01  -8.0904702e-01  5.8773324e-01
2.9028316e+01  -7.2900509e-01  6.8449906e-01
2.9153980e+01  -6.3746637e-01  7.7046996e-01
2.9279644e+01  -5.3587447e-01  8.4429014e-01
2.9405307e+01  -4.2583155e-01  9.0479540e-01
2.9530971e+01  -3.0907305e-01  9.5103156e-01
2.9656635e+01  -1.8744030e-01  9.8226944e-01
2.9782298e+01  -6.2851532e-02  9.9801641e-01
2.9907962e+01  6.2728433e-02  9.9802412e-01
3.0033626e+01  1.8731913e-01  9.8229247e-01
3.0159289e+01  3.0895570e-01  9.5106954e-01
3.0284953e+01  4.2571987e-01  9.0484774e-01
3.0410617e+01  5.3577020e-01  8.4435602e-01
3.0536281e+01  6.3737114e-01  7.7054835e-01
3.0661944e+01  7.2892040e-01  6.8458873e-01
3.0787608e+01  8.0897419e-01  5.8783279e-01
3.0913272e+01  8.7627002e-01  4.8180641e-01
3.1038935e+01  9.2974661e-01  3.6818170e-01
3.1164599e+01  9.6856059e-01  2.4875058e-01
3.1290263e+01  9.9209985e-01  1.2539653e-01
3.1415927e+01  9.9999317e-01  6.4915947e-05
3.1541590e+01  9.9211607e-01  -1.2526771e-01
3.1667254e+01  9.6859277e-01  -2.4862480e-01
3.1792918e+01  9.2979425e-01  -3.6806093e-01
3.1918581e+01  8.7633238e-01  -4.8169254e-01
3.2044245e+01  8.0905028e-01  -5.8772759e-01
3.2169909e+01  7.2900904e-01  -6.8449386e-01
3.2295572e+01  6.3747094e-01  -7.7046530e-01
3.2421236e+01  5.3587959e-01  -8.4428608e-01
3.2546900e+01  4.2583713e-01  -9.0479202e-01
3.2672564e+01  3.0907901e-01  -9.5102890e-01
3.2798227e+01  1.8744655e-01  -9.8226755e-01
3.2923891e+01  6.2857968e-02  -9.9801532e-01
3.3049555e+01  -6.2721912e-02  -9.9802385e-01
3.3175218e+01  -1.8731263e-01  -9.8229302e-01
3.3300882e+01  -3.0894932e-01  -9.5107090e-01
3.3426546e+01  -4.2571370e-01  -9.0484989e-01
3.3552210e+01  -5.3576435e-01  -8.4435892e-01
3.3677873e+01  -6.3736571e-01  -7.7055196e-01
3.3803537e+01  -7.2891546e-01  -6.8459300e-01
3.3929201e+01  -8.0896982e-01  -5.8783764e-01
3.4054864e+01  -8.7626630e-01  -4.8181177e-01
3.4180528e+01  -9.2974358e-01  -3.6818749e-01
3.4306192e+01  -9.6855831e-01  -2.4875669e-01
3.4431855e+01  -9.9209836e-01  -1.2540288e-01
3.4557519e+01  -9.9999249e-01  -7.1407493e-05
3.4683183e+01  -9.9211621e-01  1.2526119e-01
3.4808847e+01  -9.6859372e-01  2.4861834e-01
3.4934510e+01  -9.2979600e-01  3.6805464e-01
3.5060174e+01  -8.7633491e-01  4.8168652e-01
3.5185838e+01  -8.0905355e-01  5.8772194e-01
3.5311501e+01  -7.2901298e-01  6.8448866e-01
3.5437165e+01  -6.3747550e-01  7.7046064e-01
3.5562829e+01  -5.3588470e-01  8.4428203e-01
3.5688493e+01  -4.2584272e-01  9.0478864e-01
3.5814156e+01  -3.0908497e-01  9.5102625e-01
3.5939820e+01  -1.8745280e-01  9.8226567e-01
3.6065484e+01  -6.2864404e-02  9.9801423e-01
3.6191147e+01  6.2715390e-02  9.9802358e-01
3.6316811e+01  1.8730612e-01  9.8229356e-01
3.6442475e+01  3.0894293e-01  9.5107226e-01
3.6568138e+01  4.2570754e-01  9.0485204e-01
3.6693802e+01  5.3575850e-01  8.4436182e-01
3.6819466e+01  6.3736027e-01  7.7055558e-01
3.6945130e+01  7.2891052e-01  6.8459726e-01
3.7070793e+01  8.0896545e-01  5.8784249e-01
3.7196457e+01  8.7626257e-01  4.8181713e-01
3.7322121e+01  9.2974056e-01  3.6819327e-01
3.7447784e+01  9.6855604e-01  2.4876281e-01
3.7573448e+01  9.9209687e-01  1.2540924e-01
3.7699112e+01  9.9999181e-01  7.7899030e-05
3.7824776e+01  9.9211634e-01  -1.2525466e-01
3.7950439e+01  9.6859468e-01  -2.4861188e-01
3.8076103e+01  9.2979776e-01  -3.6804835e-01
3.8201767e+01  8.7633744e-01  -4.8168050e-01
3.8327430e+01  8.0905681e-01  -5.8771629e-01
3.8453094e+01  7.2901693e-01  -6.8448347e-01
3.8578758e+01  6.3748007e-01  -7.7045597e-01
3.8704421e+01  5.3588982e-01  -8.4427797e-01
3.8830085e+01  4.2584830e-01  -9.0478526e-01
3.8955749e+01  3.0909093e-01  -9.5102359e-01
3.9081413e+01  1.8745905e-01  -9.8226378e-01
3.9207076e+01  6.2870840e-02  -9.9801314e-01
3.9332740e+01  -6.2708869e-02  -9.9802330e-01
3.9458404e+01  -1.8729962e-01  -9.8229411e-01
3.9584067e+01  -3.0893655e-01  -9.5107361e-01
3.9709731e+01  -4.2570137e-01  -9.0485418e-01
3.9835395e+01  -5.3575266e-01  -8.4436472e-01
3.9961059e+01  -6.3735483e-01  -7.7055919e-01
4.0086722e+01  -7.2890558e-01  -6.8460153e-01
4.0212386e+01  -8.0896109e-01  -5.8784734e-01
4.0338050e+01  -8.7625884e-01  -4.8182249e-01
4.0463713e+01  -9.2973753e-01  -3.6819906e-01
4.0589377e+01  -9.6855376e-01  -2.4876893e-01
4.0715041e+01  -9.9209538e-01  -1.2541559e-01
4.0840704e+01  -9.9999113e-01  -8.4390558e-05
4.0966368e+01  -9.9211648e-01  1.2524814e-01
4.1092032e+01  -9.6859563e-01  2.4860542e-01
4.1217696e+01  -9.2979951e-01  3.6804207e-01
4.1343359e+01  -8.7633996e-01  4.8167448e-01
4.1469023e+01  -8.0906007e-01  5.8771063e-01
4.1594687e+01  -7.2902088e-01  6.8447827e-01
4.1720350e+01  -6.3748464e-01  7.7045131e-01
4.1846014e+01  -5.3589493e-01  8.4427392e-01
4.1971678e+01  -4.2585388e-01  9.0478187e-01
4.2097342e+01  -3.0909690e-01  9.5102094e-01
4.2223005e+01  -1.8746530e-01  9.8226189e-01
4.2348669e+01  -6.2877276e-02  9.9801205e-01
4.2474333e+01  6.2702347e-02  9.9802303e-01
4.2599996e+01  1.8729311e-01  9.8229465e-01
4.2725660e+01  3.0893016e-01  9.5107497e-01
4.2851324e+01  4.2569521e-01  9.0485633e-01
4.2976988e+01  5.3574681e-01  8.4436763e-01
4.3102651e+01  6.3734939e-01  7.7056280e-01
4.3228315e+01  7.2890063e-01  6.8460579e-01
4.3353979e+01  8.0895672e-01  5.8785219e-01
4.3479642e+01  8.7625512e-01  4.8182785e-01
4.3605306e+01  9.2973451e-01  3.6820484e-01
4.3730970e+01  9.6855149e-01  2.4877505e-01
4.3856633e+01  9.9209389e-01  1.2542195e-01
4.3982297e+01  9.9999044e-01  9.0882077e-05
4.4107961e+01  9.9211662e-01  -1.2524161e-01
4.4233625e+01  9.6859658e-01  -2.4859897e-01
4.4359288e+01  9.2980127e-01  -3.6803578e-01
4.4484952e+01  8.7634249e-01  -4.8166847e-01
4.4610616e+01  8.0906333e-01  -5.8770498e-01
4.4736279e+01  7.2902482e-01  -6.8447307e-01
4.4861943e+01  6.3748920e-01  -7.7044664e-01
4.4987607e+01  5.3590005e-01  -8.4426986e-01
4.5113271e+01  4.2585947e-01  -9.0477849e-01
4.5238934e+01  3.0910286e-01  -9.5101828e-01
4.5364598e+01  1.8747155e-01  -9.8226000e-01
4.5490262e+01  6.2883711e-02  -9.9801096e-01
4.5615925e+01  -6.2695826e-02  -9.9802276e-01
4.5741589e+01  -1.8728661e-01  -9.8229520e-01
4.5867253e+01  -3.0892378e-01  -9.5107633e-01
4.5992916e+01  -4.2568904e-01  -9.0485847e-01
4.6118580e+01  -5.3574096e-01  -8.4437053e-01
4.6244244e+01  -6.3734396e-01  -7.7056641e-01
4.6369908e+01  -7.2889569e-01  -6.8461006e-01
4.6495571e+01  -8.0895235e-01  -5.8785704e-01
4.6621235e+01  -8.7625139e-01  -4.8183321e-01
4.6746899e+01  -9.2973148e-01  -3.6821062e-01
4.6872562e+01  -9.6854921e-01  -2.4878117e-01
4.6998226e+01  -9.9209240e-01  -1.2542830e-01
4.7123890e+01  -9.9998976e-01  -9.7373588e-05
4.7249554e+01  -9.9211675e-01  1.2523508e-01
4.7375217e+01  -9.6859754e-01  2.4859251e-01
4.7500881e+01  -9.2980302e-01  3.6802949e-01
4.7626545e+01  -8.7634502e-01  4.8166245e-01
4.7752208e+01  -8.0906660e-01  5.8769933e-01
4.7877872e+01  -7.2902877e-01  6.8446787e-01
4.8003536e+01  -6.3749377e-01  7.7044198e-01
4.8129199e+01  -5.3590516e-01  8.4426581e-01
4.8254863e+01  -4.2586505e-01  9.0477511e-01
4.8380527e+01  -3.0910882e-01  9.5101563e-01
4.8506191e+01  -1.8747779e-01  9.8225812e-01
4.8631854e+01  -6.2890147e-02  9.9800987e-01
4.8757518e+01  6.2689304e-02  9.9802248e-01
4.8883182e+01  1.8728010e-01  9.8229574e-01
4.9008845e+01  3.0891739e-01  9.5107768e-01
4.9134509e+01  4.2568288e-01  9.0486062e-01
4.9260173e+01  5.3573512e-01  8.4437343e-01
4.9385837e+01  6.3733852e-01  7.7057002e-01
4.9511500e+01  7.2889075e-01  6.8461432e-01
4.9637164e+01  8.0894798e-01  5.8786189e-01
4.9762828e+01  8.7624767e-01  4.8183857e-01
4.9888491e+01  9.2972846e-01  3.6821641e-01
5.0014155e+01  9.6854693e-01  2.4878728e-01
5.0139819e+01  9.9209091e-01  1.2543466e-01
5.0265482e+01  9.9998908e-01  1.0386509e-04
5.0391146e+01  9.9211689e-01  -1.2522856e-01
5.0516810e+01  9.6859849e-01  -2.4858605e-01
5.0642474e+01  9.2980478e-01  -3.6802321e-01
5.0768137e+01  8.7634755e-01  -4.8165643e-01
5.0893801e+01  8.0906986e-01  -5.8769367e-01
5.1019465e+01  7.2903271e-01  -6.8446267e-01
5.1145128e+01  6.3749834e-01  -7.7043732e-01
5.1270792e+01  5.3591028e-01  -8.4426175e-01
5.1396456e+01  4.2587063e-01  -9.0477173e-01
5.1522120e+01  3.0911479e-01  -9.5101297e-01
5.1647783e+01  1.8748404e-01  -9.8225623e-01
5.1773447e+01  6.2896583e-02  -9.9800878e-01
5.1899111e+01  -6.2682782e-02  -9.9802221e-01
5.2024774e+01  -1.8727360e-01  -9.8229629e-01
5.2150438e+01  -3.0891101e-01  -9.5107904e-01
5.2276102e+01  -4.2567672e-01  -9.0486277e-01
5.2401765e+01  -5.3572927e-01  -8.4437633e-01
5.2527429e+01  -6.3733308e-01  -7.7057363e-01
5.2653093e+01  -7.2888581e-01  -6.8461858e-01
5.2778757e+01  -8.0894361e-01  -5.8786674e-01
5.2904420e+01  -8.7624394e-01  -4.8184393e-01
5.3030084e+01  -9.2972543e-01  -3.6822219e-01
5.3155748e+01  -9.6854466e-01  -2.4879340e-01
5.3281411e+01  -9.9208942e-01  -1.2544101e-01
5.3407075e+01  -9.9998839e-01  -1.1035658e-04
5.3532739e+01  -9.9211702e-01  1.2522203e-01
5.3658403e+01  -9.6859944e-01  2.4857959e-01
5.3784066e+01  -9.2980653e-01  3.6801692e-01
5.3909730e+01  -8.7635008e-01  4.8165041e-01
5.4035394e+01  -8.0907312e-01  5.8768802e-01
5.4161057e+01  -7.2903666e-01  6.8445747e-01
5.4286721e+01  -6.3750290e-01  7.7043265e-01
5.4412385e+01  -5.3591539e-01  8.4425770e-01
5.4538048e+01  -4.2587621e-01  9.0476835e-01
5.4663712e+01  -3.0912075e-01  9.5101031e-01
5.4789376e+01  -1.8749029e-01  9.8225434e-01
5.4915040e+01  -6.2903019e-02  9.9800769e-01
5.5040703e+01  6.2676261e-02  9.9802193e-01
5.5166367e+01  1.8726710e-01  9.8229684e-01
5.5292031e+01  3.0890462e-01  9.5108039e-01
5.5417694e+01  4.2567055e-01  9.0486491e-01
5.5543358e+01  5.3572342e-01  8.4437923e-01
5.5669022e+01  6.3732765e-01  7.7057725e-01
5.5794686e+01  7.2888087e-01  6.8462285e-01
5.5920349e+01  8.0893925e-01  5.8787159e-01
5.6046013e+01  8.7624022e-01  4.8184929e-01
5.6171677e+01  9.2972241e-01  3.6822798e-01
5.6297340e+01  9.6854238e-01  2.4879952e-01
5.6423004e+01  9.9208792e-01  1.2544737e-01
5.6548668e+01  9.9998771e-01  1.1684807e-04
5.6674331e+01  9.9211716e-01  -1.2521551e-01
5.6799995e+01  9.6860039e-01  -2.4857314e-01
5.6925659e+01  9.2980829e-01  -3.6801063e-01
5.7051323e+01  8.7635261e-01  -4.8164440e-01
5.7176986e+01  8.0907639e-01  -5.8768237e-01
5.7302650e+01  7.2904060e-01  -6.8445227e-01
5.7428314e+01  6.3750747e-01  -7.7042799e-01
5.7553977e+01  5.3592051e-01  -8.4425364e-01
5.7679641e+01  4.2588180e-01  -9.0476496e-01
5.7805305e+01  3.0912671e-01  -9.5100766e-01
5.7930969e+01  1.8749654e-01  -9.8225245e-01
5.8056632e+01  6.2909455e-02  -9.9800660e-01
5.8182296e+01  -6.2669739e-02  -9.9802166e-01
5.8307960e+01  -1.8726059e-01  -9.8229738e-01
5.8433623e+01  -3.0889824e-01  -9.5108175e-01
5.8559287e+01  -4.2566439e-01  -9.0486706e-01
5.8684951e+01  -5.3571758e-01  -8.4438213e-01
5.8810614e+01  -6.3732221e-01  -7.7058086e-01
5.8936278e+01  -7.2887593e-01  -6.8462711e-01
5.9061942e+01  -8.0893488e-01  -5.8787644e-01
5.9187606e+01  -8.7623649e-01  -4.8185465e-01
5.9313269e+01  -9.2971938e-01  -3.6823376e-01
5.9438933e+01  -9.6854011e-01  -2.4880564e-01
5.9564597e+01  -9.9208643e-01  -1.2545372e-01
5.9690260e+01  -9.9998703e-01  -1.2333954e-04
5.9815924e+01  -9.9211730e-01  1.2520898e-01
5.9941588e+01  -9.6860135e-01  2.4856668e-01
6.0067252e+01  -9.2981004e-01  3.6800434e-01
6.0192915e+01  -8.7635514e-01  4.8163838e-01
6.0318579e+01  -8.0907965e-01  5.8767671e-01
6.0444243e+01  -7.2904455e-01  6.8444707e-01
6.0569906e+01  -6.3751203e-01  7.7042332e-01
6.0695570e+01  -5.3592562e-01  8.4424959e-01
6.0821234e+01  -4.2588738e-01  9.0476158e-01
6.0946897e+01  -3.0913267e-01  9.5100500e-01
6.1072561e+01  -1.8750279e-01  9.8225057e-01
6.1198225e+01  -6.2915890e-02  9.9800552e-01
6.1323889e+01  6.2663218e-02  9.9802138e-01
6.1449552e+01  1.8725409e-01  9.8229793e-01
6.1575216e+01  3.0889185e-01  9.5108311e-01
6.1700880e+01  4.2565822e-01  9.0486920e-01
6.1826543e+01  5.3571173e-01  8.4438504e-01
6.1952207e+01  6.3731677e-01  7.7058447e-01
6.2077871e+01  7.2887098e-01  6.8463138e-01
6.2203535e+01  8.0893051e-01  5.8788129e-01
6.2329198e+01  8.7623276e-01  4.8186001e-01
6.2454862e+01  9.2971636e-01  3.6823955e-01
6.2580526e+01  9.6853783e-01  2.4881175e-01
6.2706189e+01  9.9208494e-01  1.2546008e-01
6.2831853e+01  9.9998635e-01  1.2983101e-04
