0.0000000e+00     1.0000000e+00
1.0000000e-03     9.9999950e-01
2.0000000e-03     9.9999800e-01
3.0000000e-03     9.9999550e-01
4.0000000e-03     9.9999200e-01
5.0000000e-03     9.9998750e-01
6.0000000e-03     9.9998200e-01
7.0000000e-03     9.9997550e-01
8.0000000e-03     9.9996800e-01
9.0000000e-03     9.9995950e-01
1.0000000e-02     9.9995000e-01
1.1000000e-02     9.9993950e-01
1.2000000e-02     9.9992800e-01
1.3000000e-02     9.9991550e-01
1.4000000e-02     9.9990200e-01
1.5000000e-02     9.9988751e-01
1.6000000e-02     9.9987201e-01
1.7000000e-02     9.9985551e-01
1.8000000e-02     9.9983801e-01
1.9000000e-02     9.9981952e-01
2.0000000e-02     9.9980002e-01
2.1000000e-02     9.9977952e-01
2.2000000e-02     9.9975803e-01
2.3000000e-02     9.9973553e-01
2.4000000e-02     9.9971204e-01
2.5000000e-02     9.9968755e-01
2.6000000e-02     9.9966206e-01
2.7000000e-02     9.9963557e-01
2.8000000e-02     9.9960808e-01
2.9000000e-02     9.9957959e-01
3.0000000e-02     9.9955010e-01
3.1000000e-02     9.9951962e-01
3.2000000e-02     9.9948813e-01
3.3000000e-02     9.9945565e-01
3.4000000e-02     9.9942217e-01
3.5000000e-02     9.9938769e-01
3.6000000e-02     9.9935221e-01
3.7000000e-02     9.9931573e-01
3.8000000e-02     9.9927826e-01
3.9000000e-02     9.9923979e-01
4.0000000e-02     9.9920032e-01
4.1000000e-02     9.9915985e-01
4.2000000e-02     9.9911839e-01
4.3000000e-02     9.9907593e-01
4.4000000e-02     9.9903247e-01
4.5000000e-02     9.9898801e-01
4.6000000e-02     9.9894256e-01
4.7000000e-02     9.9889611e-01
4.8000000e-02     9.9884866e-01
4.9000000e-02     9.9880022e-01
5.0000000e-02     9.9875078e-01
5.1000000e-02     9.9870035e-01
5.2000000e-02     9.9864891e-01
5.3000000e-02     9.9859649e-01
5.4000000e-02     9.9854306e-01
5.5000000e-02     9.9848864e-01
5.6000000e-02     9.9843323e-01
5.7000000e-02     9.9837682e-01
5.8000000e-02     9.9831941e-01
5.9000000e-02     9.9826101e-01
6.0000000e-02     9.9820162e-01
6.1000000e-02     9.9814123e-01
6.2000000e-02     9.9807985e-01
6.3000000e-02     9.9801747e-01
6.4000000e-02     9.9795410e-01
6.5000000e-02     9.9788973e-01
6.6000000e-02     9.9782437e-01
6.7000000e-02     9.9775802e-01
6.8000000e-02     9.9769067e-01
6.9000000e-02     9.9762233e-01
7.0000000e-02     9.9755300e-01
7.1000000e-02     9.9748267e-01
7.2000000e-02     9.9741136e-01
7.3000000e-02     9.9733905e-01
7.4000000e-02     9.9726574e-01
7.5000000e-02     9.9719145e-01
7.6000000e-02     9.9711617e-01
7.7000000e-02     9.9703989e-01
7.8000000e-02     9.9696262e-01
7.9000000e-02     9.9688436e-01
8.0000000e-02     9.9680511e-01
8.1000000e-02     9.9672487e-01
8.2000000e-02     9.9664365e-01
8.3000000e-02     9.9656143e-01
8.4000000e-02     9.9647822e-01
8.5000000e-02     9.9639402e-01
8.6000000e-02     9.9630883e-01
8.7000000e-02     9.9622265e-01
8.8000000e-02     9.9613549e-01
8.9000000e-02     9.9604733e-01
9.0000000e-02     9.9595819e-01
9.1000000e-02     9.9586806e-01
9.2000000e-02     9.9577694e-01
9.3000000e-02     9.9568484e-01
9.4000000e-02     9.9559175e-01
9.5000000e-02     9.9549767e-01
9.6000000e-02     9.9540260e-01
9.7000000e-02     9.9530655e-01
9.8000000e-02     9.9520951e-01
9.9000000e-02     9.9511149e-01
1.0000000e-01     9.9501248e-01
1.0100000e-01     9.9491249e-01
1.0200000e-01     9.9481151e-01
1.0300000e-01     9.9470954e-01
1.0400000e-01     9.9460660e-01
1.0500000e-01     9.9450267e-01
1.0600000e-01     9.9439775e-01
1.0700000e-01     9.9429185e-01
1.0800000e-01     9.9418497e-01
1.0900000e-01     9.9407711e-01
1.1000000e-01     9.9396826e-01
1.1100000e-01     9.9385844e-01
1.1200000e-01     9.9374763e-01
1.1300000e-01     9.9363584e-01
1.1400000e-01     9.9352307e-01
1.1500000e-01     9.9340931e-01
1.1600000e-01     9.9329458e-01
1.1700000e-01     9.9317887e-01
1.1800000e-01     9.9306218e-01
1.1900000e-01     9.9294451e-01
1.2000000e-01     9.9282586e-01
1.2100000e-01     9.9270623e-01
1.2200000e-01     9.9258562e-01
1.2300000e-01     9.9246404e-01
1.2400000e-01     9.9234148e-01
1.2500000e-01     9.9221794e-01
1.2600000e-01     9.9209342e-01
1.2700000e-01     9.9196793e-01
1.2800000e-01     9.9184146e-01
1.2900000e-01     9.9171402e-01
1.3000000e-01     9.9158560e-01
1.3100000e-01     9.9145621e-01
1.3200000e-01     9.9132584e-01
1.3300000e-01     9.9119450e-01
1.3400000e-01     9.9106218e-01
1.3500000e-01     9.9092889e-01
1.3600000e-01     9.9079463e-01
1.3700000e-01     9.9065940e-01
1.3800000e-01     9.9052319e-01
1.3900000e-01     9.9038601e-01
1.4000000e-01     9.9024786e-01
1.4100000e-01     9.9010874e-01
1.4200000e-01     9.8996865e-01
1.4300000e-01     9.8982759e-01
1.4400000e-01     9.8968556e-01
1.4500000e-01     9.8954256e-01
1.4600000e-01     9.8939860e-01
1.4700000e-01     9.8925366e-01
1.4800000e-01     9.8910775e-01
1.4900000e-01     9.8896088e-01
1.5000000e-01     9.8881304e-01
1.5100000e-01     9.8866424e-01
1.5200000e-01     9.8851447e-01
1.5300000e-01     9.8836373e-01
1.5400000e-01     9.8821203e-01
1.5500000e-01     9.8805936e-01
1.5600000e-01     9.8790573e-01
1.5700000e-01     9.8775114e-01
1.5800000e-01     9.8759558e-01
1.5900000e-01     9.8743906e-01
1.6000000e-01     9.8728157e-01
1.6100000e-01     9.8712313e-01
1.6200000e-01     9.8696372e-01
1.6300000e-01     9.8680335e-01
1.6400000e-01     9.8664202e-01
1.6500000e-01     9.8647973e-01
1.6600000e-01     9.8631648e-01
1.6700000e-01     9.8615227e-01
1.6800000e-01     9.8598711e-01
1.6900000e-01     9.8582098e-01
1.7000000e-01     9.8565390e-01
1.7100000e-01     9.8548586e-01
1.7200000e-01     9.8531686e-01
1.7300000e-01     9.8514691e-01
1.7400000e-01     9.8497600e-01
1.7500000e-01     9.8480414e-01
1.7600000e-01     9.8463132e-01
1.7700000e-01     9.8445755e-01
1.7800000e-01     9.8428282e-01
1.7900000e-01     9.8410715e-01
1.8000000e-01     9.8393051e-01
1.8100000e-01     9.8375293e-01
1.8200000e-01     9.8357440e-01
1.8300000e-01     9.8339491e-01
1.8400000e-01     9.8321447e-01
1.8500000e-01     9.8303309e-01
1.8600000e-01     9.8285075e-01
1.8700000e-01     9.8266747e-01
1.8800000e-01     9.8248323e-01
1.8900000e-01     9.8229805e-01
1.9000000e-01     9.8211193e-01
1.9100000e-01     9.8192485e-01
1.9200000e-01     9.8173683e-01
1.9300000e-01     9.8154786e-01
1.9400000e-01     9.8135795e-01
1.9500000e-01     9.8116710e-01
1.9600000e-01     9.8097530e-01
1.9700000e-01     9.8078256e-01
1.9800000e-01     9.8058887e-01
1.9900000e-01     9.8039424e-01
2.0000000e-01     9.8019867e-01
2.0100000e-01     9.8000216e-01
2.0200000e-01     9.7980471e-01
2.0300000e-01     9.7960632e-01
2.0400000e-01     9.7940699e-01
2.0500000e-01     9.7920672e-01
2.0600000e-01     9.7900552e-01
2.0700000e-01     9.7880337e-01
2.0800000e-01     9.7860029e-01
2.0900000e-01     9.7839628e-01
2.1000000e-01     9.7819132e-01
2.1100000e-01     9.7798544e-01
2.1200000e-01     9.7777861e-01
2.1300000e-01     9.7757086e-01
2.1400000e-01     9.7736217e-01
2.1500000e-01     9.7715255e-01
2.1600000e-01     9.7694199e-01
2.1700000e-01     9.7673051e-01
2.1800000e-01     9.7651809e-01
2.1900000e-01     9.7630475e-01
2.2000000e-01     9.7609047e-01
2.2100000e-01     9.7587527e-01
2.2200000e-01     9.7565914e-01
2.2300000e-01     9.7544208e-01
2.2400000e-01     9.7522409e-01
2.2500000e-01     9.7500518e-01
2.2600000e-01     9.7478534e-01
2.2700000e-01     9.7456457e-01
2.2800000e-01     9.7434288e-01
2.2900000e-01     9.7412027e-01
2.3000000e-01     9.7389674e-01
2.3100000e-01     9.7367228e-01
2.3200000e-01     9.7344690e-01
2.3300000e-01     9.7322060e-01
2.3400000e-01     9.7299338e-01
2.3500000e-01     9.7276524e-01
2.3600000e-01     9.7253618e-01
2.3700000e-01     9.7230620e-01
2.3800000e-01     9.7207531e-01
2.3900000e-01     9.7184350e-01
2.4000000e-01     9.7161077e-01
2.4100000e-01     9.7137712e-01
2.4200000e-01     9.7114256e-01
2.4300000e-01     9.7090709e-01
2.4400000e-01     9.7067070e-01
2.4500000e-01     9.7043340e-01
2.4600000e-01     9.7019519e-01
2.4700000e-01     9.6995607e-01
2.4800000e-01     9.6971603e-01
2.4900000e-01     9.6947509e-01
2.5000000e-01     9.6923323e-01
2.5100000e-01     9.6899047e-01
2.5200000e-01     9.6874680e-01
2.5300000e-01     9.6850222e-01
2.5400000e-01     9.6825674e-01
2.5500000e-01     9.6801035e-01
2.5600000e-01     9.6776305e-01
2.5700000e-01     9.6751486e-01
2.5800000e-01     9.6726575e-01
2.5900000e-01     9.6701575e-01
2.6000000e-01     9.6676484e-01
2.6100000e-01     9.6651303e-01
2.6200000e-01     9.6626032e-01
2.6300000e-01     9.6600671e-01
2.6400000e-01     9.6575220e-01
2.6500000e-01     9.6549679e-01
2.6600000e-01     9.6524049e-01
2.6700000e-01     9.6498328e-01
2.6800000e-01     9.6472519e-01
2.6900000e-01     9.6446619e-01
2.7000000e-01     9.6420630e-01
2.7100000e-01     9.6394552e-01
2.7200000e-01     9.6368384e-01
2.7300000e-01     9.6342128e-01
2.7400000e-01     9.6315782e-01
2.7500000e-01     9.6289347e-01
2.7600000e-01     9.6262823e-01
2.7700000e-01     9.6236210e-01
2.7800000e-01     9.6209508e-01
2.7900000e-01     9.6182717e-01
2.8000000e-01     9.6155838e-01
2.8100000e-01     9.6128870e-01
2.8200000e-01     9.6101813e-01
2.8300000e-01     9.6074668e-01
2.8400000e-01     9.6047435e-01
2.8500000e-01     9.6020114e-01
2.8600000e-01     9.5992704e-01
2.8700000e-01     9.5965206e-01
2.8800000e-01     9.5937620e-01
2.8900000e-01     9.5909946e-01
2.9000000e-01     9.5882184e-01
2.9100000e-01     9.5854334e-01
2.9200000e-01     9.5826397e-01
2.9300000e-01     9.5798372e-01
2.9400000e-01     9.5770259e-01
2.9500000e-01     9.5742059e-01
2.9600000e-01     9.5713771e-01
2.9700000e-01     9.5685396e-01
2.9800000e-01     9.5656934e-01
2.9900000e-01     9.5628385e-01
3.0000000e-01     9.5599748e-01
3.0100000e-01     9.5571025e-01
3.0200000e-01     9.5542214e-01
3.0300000e-01     9.5513317e-01
3.0400000e-01     9.5484333e-01
3.0500000e-01     9.5455263e-01
3.0600000e-01     9.5426106e-01
3.0700000e-01     9.5396862e-01
3.0800000e-01     9.5367532e-01
3.0900000e-01     9.5338116e-01
3.1000000e-01     9.5308613e-01
3.1100000e-01     9.5279024e-01
3.1200000e-01     9.5249350e-01
3.1300000e-01     9.5219589e-01
3.1400000e-01     9.5189742e-01
3.1500000e-01     9.5159810e-01
3.1600000e-01     9.5129792e-01
3.1700000e-01     9.5099688e-01
3.1800000e-01     9.5069498e-01
3.1900000e-01     9.5039224e-01
3.2000000e-01     9.5008863e-01
3.2100000e-01     9.4978418e-01
3.2200000e-01     9.4947887e-01
3.2300000e-01     9.4917272e-01
3.2400000e-01     9.4886571e-01
3.2500000e-01     9.4855785e-01
3.2600000e-01     9.4824915e-01
3.2700000e-01     9.4793959e-01
3.2800000e-01     9.4762919e-01
3.2900000e-01     9.4731795e-01
3.3000000e-01     9.4700586e-01
3.3100000e-01     9.4669292e-01
3.3200000e-01     9.4637915e-01
3.3300000e-01     9.4606453e-01
3.3400000e-01     9.4574907e-01
3.3500000e-01     9.4543277e-01
3.3600000e-01     9.4511563e-01
3.3700000e-01     9.4479765e-01
3.3800000e-01     9.4447884e-01
3.3900000e-01     9.4415918e-01
3.4000000e-01     9.4383870e-01
3.4100000e-01     9.4351737e-01
3.4200000e-01     9.4319522e-01
3.4300000e-01     9.4287223e-01
3.4400000e-01     9.4254841e-01
3.4500000e-01     9.4222376e-01
3.4600000e-01     9.4189827e-01
3.4700000e-01     9.4157196e-01
3.4800000e-01     9.4124482e-01
3.4900000e-01     9.4091686e-01
3.5000000e-01     9.4058806e-01
3.5100000e-01     9.4025845e-01
3.5200000e-01     9.3992800e-01
3.5300000e-01     9.3959674e-01
3.5400000e-01     9.3926465e-01
3.5500000e-01     9.3893174e-01
3.5600000e-01     9.3859801e-01
3.5700000e-01     9.3826346e-01
3.5800000e-01     9.3792809e-01
3.5900000e-01     9.3759190e-01
3.6000000e-01     9.3725490e-01
3.6100000e-01     9.3691708e-01
3.6200000e-01     9.3657844e-01
3.6300000e-01     9.3623899e-01
3.6400000e-01     9.3589873e-01
3.6500000e-01     9.3555766e-01
3.6600000e-01     9.3521578e-01
3.6700000e-01     9.3487308e-01
3.6800000e-01     9.3452958e-01
3.6900000e-01     9.3418527e-01
3.7000000e-01     9.3384015e-01
3.7100000e-01     9.3349423e-01
3.7200000e-01     9.3314750e-01
3.7300000e-01     9.3279997e-01
3.7400000e-01     9.3245163e-01
3.7500000e-01     9.3210249e-01
3.7600000e-01     9.3175255e-01
3.7700000e-01     9.3140181e-01
3.7800000e-01     9.3105028e-01
3.7900000e-01     9.3069794e-01
3.8000000e-01     9.3034481e-01
3.8100000e-01     9.2999088e-01
3.8200000e-01     9.2963616e-01
3.8300000e-01     9.2928064e-01
3.8400000e-01     9.2892433e-01
3.8500000e-01     9.2856722e-01
3.8600000e-01     9.2820933e-01
3.8700000e-01     9.2785065e-01
3.8800000e-01     9.2749117e-01
3.8900000e-01     9.2713091e-01
3.9000000e-01     9.2676987e-01
3.9100000e-01     9.2640803e-01
3.9200000e-01     9.2604542e-01
3.9300000e-01     9.2568201e-01
3.9400000e-01     9.2531783e-01
3.9500000e-01     9.2495286e-01
3.9600000e-01     9.2458712e-01
3.9700000e-01     9.2422059e-01
3.9800000e-01     9.2385329e-01
3.9900000e-01     9.2348521e-01
4.0000000e-01     9.2311635e-01
4.0100000e-01     9.2274671e-01
4.0200000e-01     9.2237630e-01
4.0300000e-01     9.2200512e-01
4.0400000e-01     9.2163317e-01
4.0500000e-01     9.2126044e-01
4.0600000e-01     9.2088695e-01
4.0700000e-01     9.2051268e-01
4.0800000e-01     9.2013765e-01
4.0900000e-01     9.1976185e-01
4.1000000e-01     9.1938529e-01
4.1100000e-01     9.1900796e-01
4.1200000e-01     9.1862986e-01
4.1300000e-01     9.1825100e-01
4.1400000e-01     9.1787139e-01
4.1500000e-01     9.1749101e-01
4.1600000e-01     9.1710987e-01
4.1700000e-01     9.1672797e-01
4.1800000e-01     9.1634532e-01
4.1900000e-01     9.1596191e-01
4.2000000e-01     9.1557774e-01
4.2100000e-01     9.1519282e-01
4.2200000e-01     9.1480715e-01
4.2300000e-01     9.1442073e-01
4.2400000e-01     9.1403355e-01
4.2500000e-01     9.1364563e-01
4.2600000e-01     9.1325695e-01
4.2700000e-01     9.1286753e-01
4.2800000e-01     9.1247736e-01
4.2900000e-01     9.1208645e-01
4.3000000e-01     9.1169479e-01
4.3100000e-01     9.1130239e-01
4.3200000e-01     9.1090925e-01
4.3300000e-01     9.1051537e-01
4.3400000e-01     9.1012075e-01
4.3500000e-01     9.0972538e-01
4.3600000e-01     9.0932929e-01
4.3700000e-01     9.0893245e-01
4.3800000e-01     9.0853488e-01
4.3900000e-01     9.0813657e-01
4.4000000e-01     9.0773754e-01
4.4100000e-01     9.0733777e-01
4.4200000e-01     9.0693726e-01
4.4300000e-01     9.0653603e-01
4.4400000e-01     9.0613407e-01
4.4500000e-01     9.0573139e-01
4.4600000e-01     9.0532797e-01
4.4700000e-01     9.0492383e-01
4.4800000e-01     9.0451897e-01
4.4900000e-01     9.0411339e-01
4.5000000e-01     9.0370708e-01
4.5100000e-01     9.0330005e-01
4.5200000e-01     9.0289230e-01
4.5300000e-01     9.0248384e-01
4.5400000e-01     9.0207465e-01
4.5500000e-01     9.0166475e-01
4.5600000e-01     9.0125414e-01
4.5700000e-01     9.0084281e-01
4.5800000e-01     9.0043077e-01
4.5900000e-01     9.0001801e-01
4.6000000e-01     8.9960455e-01
4.6100000e-01     8.9919038e-01
4.6200000e-01     8.9877550e-01
4.6300000e-01     8.9835991e-01
4.6400000e-01     8.9794362e-01
4.6500000e-01     8.9752662e-01
4.6600000e-01     8.9710892e-01
4.6700000e-01     8.9669051e-01
4.6800000e-01     8.9627141e-01
4.6900000e-01     8.9585160e-01
4.7000000e-01     8.9543110e-01
4.7100000e-01     8.9500990e-01
4.7200000e-01     8.9458800e-01
4.7300000e-01     8.9416541e-01
4.7400000e-01     8.9374212e-01
4.7500000e-01     8.9331814e-01
4.7600000e-01     8.9289347e-01
4.7700000e-01     8.9246811e-01
4.7800000e-01     8.9204206e-01
4.7900000e-01     8.9161532e-01
4.8000000e-01     8.9118789e-01
4.8100000e-01     8.9075978e-01
4.8200000e-01     8.9033098e-01
4.8300000e-01     8.8990150e-01
4.8400000e-01     8.8947133e-01
4.8500000e-01     8.8904049e-01
4.8600000e-01     8.8860896e-01
4.8700000e-01     8.8817676e-01
4.8800000e-01     8.8774388e-01
4.8900000e-01     8.8731032e-01
4.9000000e-01     8.8687609e-01
4.9100000e-01     8.8644119e-01
4.9200000e-01     8.8600561e-01
4.9300000e-01     8.8556936e-01
4.9400000e-01     8.8513244e-01
4.9500000e-01     8.8469485e-01
4.9600000e-01     8.8425659e-01
4.9700000e-01     8.8381766e-01
4.9800000e-01     8.8337807e-01
4.9900000e-01     8.8293782e-01
5.0000000e-01     8.8249690e-01
5.0100000e-01     8.8205532e-01
5.0200000e-01     8.8161308e-01
5.0300000e-01     8.8117018e-01
5.0400000e-01     8.8072663e-01
5.0500000e-01     8.8028241e-01
5.0600000e-01     8.7983754e-01
5.0700000e-01     8.7939202e-01
5.0800000e-01     8.7894584e-01
5.0900000e-01     8.7849901e-01
5.1000000e-01     8.7805153e-01
5.1100000e-01     8.7760340e-01
5.1200000e-01     8.7715462e-01
5.1300000e-01     8.7670519e-01
5.1400000e-01     8.7625512e-01
5.1500000e-01     8.7580440e-01
5.1600000e-01     8.7535304e-01
5.1700000e-01     8.7490104e-01
5.1800000e-01     8.7444839e-01
5.1900000e-01     8.7399511e-01
5.2000000e-01     8.7354119e-01
5.2100000e-01     8.7308663e-01
5.2200000e-01     8.7263143e-01
5.2300000e-01     8.7217560e-01
5.2400000e-01     8.7171913e-01
5.2500000e-01     8.7126204e-01
5.2600000e-01     8.7080431e-01
5.2700000e-01     8.7034595e-01
5.2800000e-01     8.6988697e-01
5.2900000e-01     8.6942735e-01
5.3000000e-01     8.6896711e-01
5.3100000e-01     8.6850625e-01
5.3200000e-01     8.6804476e-01
5.3300000e-01     8.6758265e-01
5.3400000e-01     8.6711992e-01
5.3500000e-01     8.6665656e-01
5.3600000e-01     8.6619259e-01
5.3700000e-01     8.6572801e-01
5.3800000e-01     8.6526280e-01
5.3900000e-01     8.6479698e-01
5.4000000e-01     8.6433055e-01
5.4100000e-01     8.6386351e-01
5.4200000e-01     8.6339585e-01
5.4300000e-01     8.6292759e-01
5.4400000e-01     8.6245871e-01
5.4500000e-01     8.6198923e-01
5.4600000e-01     8.6151915e-01
5.4700000e-01     8.6104845e-01
5.4800000e-01     8.6057716e-01
5.4900000e-01     8.6010526e-01
5.5000000e-01     8.5963276e-01
5.5100000e-01     8.5915967e-01
5.5200000e-01     8.5868597e-01
5.5300000e-01     8.5821168e-01
5.5400000e-01     8.5773679e-01
5.5500000e-01     8.5726131e-01
5.5600000e-01     8.5678523e-01
5.5700000e-01     8.5630856e-01
5.5800000e-01     8.5583130e-01
5.5900000e-01     8.5535345e-01
5.6000000e-01     8.5487502e-01
5.6100000e-01     8.5439599e-01
5.6200000e-01     8.5391638e-01
5.6300000e-01     8.5343619e-01
5.6400000e-01     8.5295542e-01
5.6500000e-01     8.5247406e-01
5.6600000e-01     8.5199212e-01
5.6700000e-01     8.5150960e-01
5.6800000e-01     8.5102651e-01
5.6900000e-01     8.5054284e-01
5.7000000e-01     8.5005859e-01
5.7100000e-01     8.4957377e-01
5.7200000e-01     8.4908838e-01
5.7300000e-01     8.4860242e-01
5.7400000e-01     8.4811588e-01
5.7500000e-01     8.4762878e-01
5.7600000e-01     8.4714111e-01
5.7700000e-01     8.4665287e-01
5.7800000e-01     8.4616407e-01
5.7900000e-01     8.4567471e-01
5.8000000e-01     8.4518478e-01
5.8100000e-01     8.4469429e-01
5.8200000e-01     8.4420325e-01
5.8300000e-01     8.4371164e-01
5.8400000e-01     8.4321948e-01
5.8500000e-01     8.4272676e-01
5.8600000e-01     8.4223349e-01
5.8700000e-01     8.4173966e-01
5.8800000e-01     8.4124529e-01
5.8900000e-01     8.4075036e-01
5.9000000e-01     8.4025488e-01
5.9100000e-01     8.3975886e-01
5.9200000e-01     8.3926229e-01
5.9300000e-01     8.3876517e-01
5.9400000e-01     8.3826751e-01
5.9500000e-01     8.3776931e-01
5.9600000e-01     8.3727057e-01
5.9700000e-01     8.3677129e-01
5.9800000e-01     8.3627146e-01
5.9900000e-01     8.3577111e-01
6.0000000e-01     8.3527021e-01
6.0100000e-01     8.3476878e-01
6.0200000e-01     8.3426682e-01
6.0300000e-01     8.3376433e-01
6.0400000e-01     8.3326130e-01
6.0500000e-01     8.3275775e-01
6.0600000e-01     8.3225366e-01
6.0700000e-01     8.3174906e-01
6.0800000e-01     8.3124392e-01
6.0900000e-01     8.3073826e-01
6.1000000e-01     8.3023208e-01
6.1100000e-01     8.2972538e-01
6.1200000e-01     8.2921816e-01
6.1300000e-01     8.2871042e-01
6.1400000e-01     8.2820216e-01
6.1500000e-01     8.2769339e-01
6.1600000e-01     8.2718410e-01
6.1700000e-01     8.2667430e-01
6.1800000e-01     8.2616398e-01
6.1900000e-01     8.2565316e-01
6.2000000e-01     8.2514182e-01
6.2100000e-01     8.2462998e-01
6.2200000e-01     8.2411763e-01
6.2300000e-01     8.2360478e-01
6.2400000e-01     8.2309142e-01
6.2500000e-01     8.2257756e-01
6.2600000e-01     8.2206320e-01
6.2700000e-01     8.2154834e-01
6.2800000e-01     8.2103298e-01
6.2900000e-01     8.2051712e-01
6.3000000e-01     8.2000077e-01
6.3100000e-01     8.1948392e-01
6.3200000e-01     8.1896658e-01
6.3300000e-01     8.1844875e-01
6.3400000e-01     8.1793043e-01
6.3500000e-01     8.1741161e-01
6.3600000e-01     8.1689231e-01
6.3700000e-01     8.1637253e-01
6.3800000e-01     8.1585226e-01
6.3900000e-01     8.1533150e-01
6.4000000e-01     8.1481026e-01
6.4100000e-01     8.1428854e-01
6.4200000e-01     8.1376634e-01
6.4300000e-01     8.1324367e-01
6.4400000e-01     8.1272051e-01
6.4500000e-01     8.1219688e-01
6.4600000e-01     8.1167278e-01
6.4700000e-01     8.1114820e-01
6.4800000e-01     8.1062315e-01
6.4900000e-01     8.1009764e-01
6.5000000e-01     8.0957165e-01
6.5100000e-01     8.0904519e-01
6.5200000e-01     8.0851827e-01
6.5300000e-01     8.0799089e-01
6.5400000e-01     8.0746304e-01
6.5500000e-01     8.0693472e-01
6.5600000e-01     8.0640595e-01
6.5700000e-01     8.0587672e-01
6.5800000e-01     8.0534703e-01
6.5900000e-01     8.0481688e-01
6.6000000e-01     8.0428628e-01
6.6100000e-01     8.0375523e-01
6.6200000e-01     8.0322372e-01
6.6300000e-01     8.0269176e-01
6.6400000e-01     8.0215935e-01
6.6500000e-01     8.0162649e-01
6.6600000e-01     8.0109319e-01
6.6700000e-01     8.0055944e-01
6.6800000e-01     8.0002524e-01
6.6900000e-01     7.9949060e-01
6.7000000e-01     7.9895552e-01
6.7100000e-01     7.9842000e-01
6.7200000e-01     7.9788404e-01
6.7300000e-01     7.9734765e-01
6.7400000e-01     7.9681081e-01
6.7500000e-01     7.9627355e-01
6.7600000e-01     7.9573585e-01
6.7700000e-01     7.9519771e-01
6.7800000e-01     7.9465915e-01
6.7900000e-01     7.9412016e-01
6.8000000e-01     7.9358073e-01
6.8100000e-01     7.9304089e-01
6.8200000e-01     7.9250061e-01
6.8300000e-01     7.9195992e-01
6.8400000e-01     7.9141880e-01
6.8500000e-01     7.9087726e-01
6.8600000e-01     7.9033529e-01
6.8700000e-01     7.8979292e-01
6.8800000e-01     7.8925012e-01
6.8900000e-01     7.8870691e-01
6.9000000e-01     7.8816328e-01
6.9100000e-01     7.8761924e-01
6.9200000e-01     7.8707479e-01
6.9300000e-01     7.8652993e-01
6.9400000e-01     7.8598466e-01
6.9500000e-01     7.8543899e-01
6.9600000e-01     7.8489290e-01
6.9700000e-01     7.8434642e-01
6.9800000e-01     7.8379952e-01
6.9900000e-01     7.8325223e-01
7.0000000e-01     7.8270454e-01
7.0100000e-01     7.8215645e-01
7.0200000e-01     7.8160796e-01
7.0300000e-01     7.8105907e-01
7.0400000e-01     7.8050979e-01
7.0500000e-01     7.7996011e-01
7.0600000e-01     7.7941004e-01
7.0700000e-01     7.7885958e-01
7.0800000e-01     7.7830874e-01
7.0900000e-01     7.7775750e-01
7.1000000e-01     7.7720588e-01
7.1100000e-01     7.7665387e-01
7.1200000e-01     7.7610148e-01
7.1300000e-01     7.7554870e-01
7.1400000e-01     7.7499554e-01
7.1500000e-01     7.7444201e-01
7.1600000e-01     7.7388809e-01
7.1700000e-01     7.7333380e-01
7.1800000e-01     7.7277913e-01
7.1900000e-01     7.7222409e-01
7.2000000e-01     7.7166867e-01
7.2100000e-01     7.7111289e-01
7.2200000e-01     7.7055673e-01
7.2300000e-01     7.7000020e-01
7.2400000e-01     7.6944331e-01
7.2500000e-01     7.6888605e-01
7.2600000e-01     7.6832843e-01
7.2700000e-01     7.6777044e-01
7.2800000e-01     7.6721209e-01
7.2900000e-01     7.6665338e-01
7.3000000e-01     7.6609431e-01
7.3100000e-01     7.6553488e-01
7.3200000e-01     7.6497510e-01
7.3300000e-01     7.6441496e-01
7.3400000e-01     7.6385446e-01
7.3500000e-01     7.6329362e-01
7.3600000e-01     7.6273242e-01
7.3700000e-01     7.6217088e-01
7.3800000e-01     7.6160898e-01
7.3900000e-01     7.6104674e-01
7.4000000e-01     7.6048416e-01
7.4100000e-01     7.5992123e-01
7.4200000e-01     7.5935795e-01
7.4300000e-01     7.5879434e-01
7.4400000e-01     7.5823039e-01
7.4500000e-01     7.5766609e-01
7.4600000e-01     7.5710146e-01
7.4700000e-01     7.5653650e-01
7.4800000e-01     7.5597120e-01
7.4900000e-01     7.5540557e-01
7.5000000e-01     7.5483960e-01
7.5100000e-01     7.5427331e-01
7.5200000e-01     7.5370668e-01
7.5300000e-01     7.5313973e-01
7.5400000e-01     7.5257246e-01
7.5500000e-01     7.5200485e-01
7.5600000e-01     7.5143693e-01
7.5700000e-01     7.5086868e-01
7.5800000e-01     7.5030011e-01
7.5900000e-01     7.4973123e-01
7.6000000e-01     7.4916202e-01
7.6100000e-01     7.4859250e-01
7.6200000e-01     7.4802267e-01
7.6300000e-01     7.4745252e-01
7.6400000e-01     7.4688205e-01
7.6500000e-01     7.4631128e-01
7.6600000e-01     7.4574020e-01
7.6700000e-01     7.4516881e-01
7.6800000e-01     7.4459711e-01
7.6900000e-01     7.4402511e-01
7.7000000e-01     7.4345280e-01
7.7100000e-01     7.4288019e-01
7.7200000e-01     7.4230728e-01
7.7300000e-01     7.4173407e-01
7.7400000e-01     7.4116056e-01
7.7500000e-01     7.4058675e-01
7.7600000e-01     7.4001265e-01
7.7700000e-01     7.3943825e-01
7.7800000e-01     7.3886356e-01
7.7900000e-01     7.3828858e-01
7.8000000e-01     7.3771331e-01
7.8100000e-01     7.3713775e-01
7.8200000e-01     7.3656190e-01
7.8300000e-01     7.3598577e-01
7.8400000e-01     7.3540935e-01
7.8500000e-01     7.3483264e-01
7.8600000e-01     7.3425566e-01
7.8700000e-01     7.3367840e-01
7.8800000e-01     7.3310085e-01
7.8900000e-01     7.3252303e-01
7.9000000e-01     7.3194493e-01
7.9100000e-01     7.3136656e-01
7.9200000e-01     7.3078791e-01
7.9300000e-01     7.3020899e-01
7.9400000e-01     7.2962980e-01
7.9500000e-01     7.2905034e-01
7.9600000e-01     7.2847061e-01
7.9700000e-01     7.2789061e-01
7.9800000e-01     7.2731035e-01
7.9900000e-01     7.2672983e-01
8.0000000e-01     7.2614904e-01
8.0100000e-01     7.2556799e-01
8.0200000e-01     7.2498668e-01
8.0300000e-01     7.2440511e-01
8.0400000e-01     7.2382328e-01
8.0500000e-01     7.2324120e-01
8.0600000e-01     7.2265887e-01
8.0700000e-01     7.2207628e-01
8.0800000e-01     7.2149343e-01
8.0900000e-01     7.2091034e-01
8.1000000e-01     7.2032700e-01
8.1100000e-01     7.1974341e-01
8.1200000e-01     7.1915958e-01
8.1300000e-01     7.1857550e-01
8.1400000e-01     7.1799118e-01
8.1500000e-01     7.1740661e-01
8.1600000e-01     7.1682180e-01
8.1700000e-01     7.1623676e-01
8.1800000e-01     7.1565147e-01
8.1900000e-01     7.1506595e-01
8.2000000e-01     7.1448020e-01
8.2100000e-01     7.1389420e-01
8.2200000e-01     7.1330798e-01
8.2300000e-01     7.1272153e-01
8.2400000e-01     7.1213484e-01
8.2500000e-01     7.1154793e-01
8.2600000e-01     7.1096079e-01
8.2700000e-01     7.1037342e-01
8.2800000e-01     7.0978583e-01
8.2900000e-01     7.0919802e-01
8.3000000e-01     7.0860998e-01
8.3100000e-01     7.0802173e-01
8.3200000e-01     7.0743325e-01
8.3300000e-01     7.0684456e-01
8.3400000e-01     7.0625565e-01
8.3500000e-01     7.0566652e-01
8.3600000e-01     7.0507718e-01
8.3700000e-01     7.0448763e-01
8.3800000e-01     7.0389787e-01
8.3900000e-01     7.0330790e-01
8.4000000e-01     7.0271772e-01
8.4100000e-01     7.0212734e-01
8.4200000e-01     7.0153675e-01
8.4300000e-01     7.0094595e-01
8.4400000e-01     7.0035495e-01
8.4500000e-01     6.9976375e-01
8.4600000e-01     6.9917235e-01
8.4700000e-01     6.9858075e-01
8.4800000e-01     6.9798896e-01
8.4900000e-01     6.9739696e-01
8.5000000e-01     6.9680478e-01
8.5100000e-01     6.9621239e-01
8.5200000e-01     6.9561982e-01
8.5300000e-01     6.9502706e-01
8.5400000e-01     6.9443411e-01
8.5500000e-01     6.9384097e-01
8.5600000e-01     6.9324764e-01
8.5700000e-01     6.9265413e-01
8.5800000e-01     6.9206043e-01
8.5900000e-01     6.9146655e-01
8.6000000e-01     6.9087249e-01
8.6100000e-01     6.9027825e-01
8.6200000e-01     6.8968383e-01
8.6300000e-01     6.8908924e-01
8.6400000e-01     6.8849447e-01
8.6500000e-01     6.8789952e-01
8.6600000e-01     6.8730440e-01
8.6700000e-01     6.8670911e-01
8.6800000e-01     6.8611365e-01
8.6900000e-01     6.8551802e-01
8.7000000e-01     6.8492222e-01
8.7100000e-01     6.8432625e-01
8.7200000e-01     6.8373012e-01
8.7300000e-01     6.8313383e-01
8.7400000e-01     6.8253737e-01
8.7500000e-01     6.8194075e-01
8.7600000e-01     6.8134397e-01
8.7700000e-01     6.8074704e-01
8.7800000e-01     6.8014994e-01
8.7900000e-01     6.7955269e-01
8.8000000e-01     6.7895529e-01
8.8100000e-01     6.7835773e-01
8.8200000e-01     6.7776002e-01
8.8300000e-01     6.7716217e-01
8.8400000e-01     6.7656416e-01
8.8500000e-01     6.7596600e-01
8.8600000e-01     6.7536770e-01
8.8700000e-01     6.7476925e-01
8.8800000e-01     6.7417066e-01
8.8900000e-01     6.7357192e-01
8.9000000e-01     6.7297305e-01
8.9100000e-01     6.7237403e-01
8.9200000e-01     6.7177488e-01
8.9300000e-01     6.7117558e-01
8.9400000e-01     6.7057616e-01
8.9500000e-01     6.6997660e-01
8.9600000e-01     6.6937690e-01
8.9700000e-01     6.6877707e-01
8.9800000e-01     6.6817711e-01
8.9900000e-01     6.6757703e-01
9.0000000e-01     6.6697681e-01
9.0100000e-01     6.6637647e-01
9.0200000e-01     6.6577600e-01
9.0300000e-01     6.6517541e-01
9.0400000e-01     6.6457469e-01
9.0500000e-01     6.6397386e-01
9.0600000e-01     6.6337290e-01
9.0700000e-01     6.6277183e-01
9.0800000e-01     6.6217063e-01
9.0900000e-01     6.6156933e-01
9.1000000e-01     6.6096790e-01
9.1100000e-01     6.6036636e-01
9.1200000e-01     6.5976471e-01
9.1300000e-01     6.5916295e-01
9.1400000e-01     6.5856108e-01
9.1500000e-01     6.5795911e-01
9.1600000e-01     6.5735702e-01
9.1700000e-01     6.5675483e-01
9.1800000e-01     6.5615253e-01
9.1900000e-01     6.5555013e-01
9.2000000e-01     6.5494763e-01
9.2100000e-01     6.5434503e-01
9.2200000e-01     6.5374233e-01
9.2300000e-01     6.5313953e-01
9.2400000e-01     6.5253663e-01
9.2500000e-01     6.5193364e-01
9.2600000e-01     6.5133056e-01
9.2700000e-01     6.5072738e-01
9.2800000e-01     6.5012411e-01
9.2900000e-01     6.4952075e-01
9.3000000e-01     6.4891730e-01
9.3100000e-01     6.4831376e-01
9.3200000e-01     6.4771014e-01
9.3300000e-01     6.4710643e-01
9.3400000e-01     6.4650264e-01
9.3500000e-01     6.4589876e-01
9.3600000e-01     6.4529481e-01
9.3700000e-01     6.4469077e-01
9.3800000e-01     6.4408666e-01
9.3900000e-01     6.4348247e-01
9.4000000e-01     6.4287820e-01
9.4100000e-01     6.4227386e-01
9.4200000e-01     6.4166944e-01
9.4300000e-01     6.4106495e-01
9.4400000e-01     6.4046039e-01
9.4500000e-01     6.3985576e-01
9.4600000e-01     6.3925106e-01
9.4700000e-01     6.3864630e-01
9.4800000e-01     6.3804147e-01
9.4900000e-01     6.3743657e-01
9.5000000e-01     6.3683161e-01
9.5100000e-01     6.3622659e-01
9.5200000e-01     6.3562151e-01
9.5300000e-01     6.3501637e-01
9.5400000e-01     6.3441117e-01
9.5500000e-01     6.3380591e-01
9.5600000e-01     6.3320060e-01
9.5700000e-01     6.3259524e-01
9.5800000e-01     6.3198982e-01
9.5900000e-01     6.3138434e-01
9.6000000e-01     6.3077882e-01
9.6100000e-01     6.3017325e-01
9.6200000e-01     6.2956763e-01
9.6300000e-01     6.2896196e-01
9.6400000e-01     6.2835625e-01
9.6500000e-01     6.2775049e-01
9.6600000e-01     6.2714469e-01
9.6700000e-01     6.2653885e-01
9.6800000e-01     6.2593296e-01
9.6900000e-01     6.2532704e-01
9.7000000e-01     6.2472108e-01
9.7100000e-01     6.2411508e-01
9.7200000e-01     6.2350905e-01
9.7300000e-01     6.2290298e-01
9.7400000e-01     6.2229688e-01
9.7500000e-01     6.2169075e-01
9.7600000e-01     6.2108458e-01
9.7700000e-01     6.2047839e-01
9.7800000e-01     6.1987217e-01
9.7900000e-01     6.1926592e-01
9.8000000e-01     6.1865965e-01
9.8100000e-01     6.1805335e-01
9.8200000e-01     6.1744703e-01
9.8300000e-01     6.1684068e-01
9.8400000e-01     6.1623432e-01
9.8500000e-01     6.1562793e-01
9.8600000e-01     6.1502153e-01
9.8700000e-01     6.1441511e-01
9.8800000e-01     6.1380868e-01
9.8900000e-01     6.1320223e-01
9.9000000e-01     6.1259576e-01
9.9100000e-01     6.1198929e-01
9.9200000e-01     6.1138280e-01
9.9300000e-01     6.1077630e-01
9.9400000e-01     6.1016980e-01
9.9500000e-01     6.0956329e-01
9.9600000e-01     6.0895677e-01
9.9700000e-01     6.0835025e-01
9.9800000e-01     6.0774372e-01
9.9900000e-01     6.0713719e-01
1.0000000e+00     6.0653066e-01
1.0010000e+00     6.0592413e-01
1.0020000e+00     6.0531760e-01
1.0030000e+00     6.0471107e-01
1.0040000e+00     6.0410455e-01
1.0050000e+00     6.0349803e-01
1.0060000e+00     6.0289152e-01
1.0070000e+00     6.0228501e-01
1.0080000e+00     6.0167852e-01
1.0090000e+00     6.0107203e-01
1.0100000e+00     6.0046555e-01
1.0110000e+00     5.9985909e-01
1.0120000e+00     5.9925264e-01
1.0130000e+00     5.9864620e-01
1.0140000e+00     5.9803978e-01
1.0150000e+00     5.9743338e-01
1.0160000e+00     5.9682699e-01
1.0170000e+00     5.9622063e-01
1.0180000e+00     5.9561428e-01
1.0190000e+00     5.9500796e-01
1.0200000e+00     5.9440166e-01
1.0210000e+00     5.9379538e-01
1.0220000e+00     5.9318913e-01
1.0230000e+00     5.9258290e-01
1.0240000e+00     5.9197670e-01
1.0250000e+00     5.9137053e-01
1.0260000e+00     5.9076439e-01
1.0270000e+00     5.9015828e-01
1.0280000e+00     5.8955221e-01
1.0290000e+00     5.8894617e-01
1.0300000e+00     5.8834016e-01
1.0310000e+00     5.8773418e-01
1.0320000e+00     5.8712825e-01
1.0330000e+00     5.8652235e-01
1.0340000e+00     5.8591649e-01
1.0350000e+00     5.8531068e-01
1.0360000e+00     5.8470490e-01
1.0370000e+00     5.8409917e-01
1.0380000e+00     5.8349348e-01
1.0390000e+00     5.8288784e-01
1.0400000e+00     5.8228224e-01
1.0410000e+00     5.8167669e-01
1.0420000e+00     5.8107119e-01
1.0430000e+00     5.8046574e-01
1.0440000e+00     5.7986034e-01
1.0450000e+00     5.7925499e-01
1.0460000e+00     5.7864970e-01
1.0470000e+00     5.7804446e-01
1.0480000e+00     5.7743927e-01
1.0490000e+00     5.7683414e-01
1.0500000e+00     5.7622907e-01
1.0510000e+00     5.7562406e-01
1.0520000e+00     5.7501911e-01
1.0530000e+00     5.7441422e-01
1.0540000e+00     5.7380940e-01
1.0550000e+00     5.7320463e-01
1.0560000e+00     5.7259993e-01
1.0570000e+00     5.7199530e-01
1.0580000e+00     5.7139074e-01
1.0590000e+00     5.7078624e-01
1.0600000e+00     5.7018181e-01
1.0610000e+00     5.6957746e-01
1.0620000e+00     5.6897317e-01
1.0630000e+00     5.6836896e-01
1.0640000e+00     5.6776482e-01
1.0650000e+00     5.6716075e-01
1.0660000e+00     5.6655677e-01
1.0670000e+00     5.6595285e-01
1.0680000e+00     5.6534902e-01
1.0690000e+00     5.6474527e-01
1.0700000e+00     5.6414160e-01
1.0710000e+00     5.6353801e-01
1.0720000e+00     5.6293450e-01
1.0730000e+00     5.6233108e-01
1.0740000e+00     5.6172774e-01
1.0750000e+00     5.6112448e-01
1.0760000e+00     5.6052132e-01
1.0770000e+00     5.5991824e-01
1.0780000e+00     5.5931526e-01
1.0790000e+00     5.5871236e-01
1.0800000e+00     5.5810956e-01
1.0810000e+00     5.5750684e-01
1.0820000e+00     5.5690423e-01
1.0830000e+00     5.5630170e-01
1.0840000e+00     5.5569928e-01
1.0850000e+00     5.5509695e-01
1.0860000e+00     5.5449472e-01
1.0870000e+00     5.5389259e-01
1.0880000e+00     5.5329055e-01
1.0890000e+00     5.5268863e-01
1.0900000e+00     5.5208680e-01
1.0910000e+00     5.5148508e-01
1.0920000e+00     5.5088346e-01
1.0930000e+00     5.5028195e-01
1.0940000e+00     5.4968054e-01
1.0950000e+00     5.4907925e-01
1.0960000e+00     5.4847806e-01
1.0970000e+00     5.4787698e-01
1.0980000e+00     5.4727602e-01
1.0990000e+00     5.4667517e-01
1.1000000e+00     5.4607443e-01
1.1010000e+00     5.4547380e-01
1.1020000e+00     5.4487329e-01
1.1030000e+00     5.4427290e-01
1.1040000e+00     5.4367263e-01
1.1050000e+00     5.4307247e-01
1.1060000e+00     5.4247244e-01
1.1070000e+00     5.4187252e-01
1.1080000e+00     5.4127273e-01
1.1090000e+00     5.4067306e-01
1.1100000e+00     5.4007352e-01
1.1110000e+00     5.3947410e-01
1.1120000e+00     5.3887481e-01
1.1130000e+00     5.3827564e-01
1.1140000e+00     5.3767661e-01
1.1150000e+00     5.3707770e-01
1.1160000e+00     5.3647893e-01
1.1170000e+00     5.3588028e-01
1.1180000e+00     5.3528177e-01
1.1190000e+00     5.3468339e-01
1.1200000e+00     5.3408515e-01
1.1210000e+00     5.3348704e-01
1.1220000e+00     5.3288907e-01
1.1230000e+00     5.3229124e-01
1.1240000e+00     5.3169354e-01
1.1250000e+00     5.3109599e-01
1.1260000e+00     5.3049858e-01
1.1270000e+00     5.2990131e-01
1.1280000e+00     5.2930418e-01
1.1290000e+00     5.2870720e-01
1.1300000e+00     5.2811036e-01
1.1310000e+00     5.2751367e-01
1.1320000e+00     5.2691713e-01
1.1330000e+00     5.2632073e-01
1.1340000e+00     5.2572448e-01
1.1350000e+00     5.2512839e-01
1.1360000e+00     5.2453244e-01
1.1370000e+00     5.2393665e-01
1.1380000e+00     5.2334101e-01
1.1390000e+00     5.2274553e-01
1.1400000e+00     5.2215020e-01
1.1410000e+00     5.2155502e-01
1.1420000e+00     5.2096001e-01
1.1430000e+00     5.2036515e-01
1.1440000e+00     5.1977045e-01
1.1450000e+00     5.1917592e-01
1.1460000e+00     5.1858154e-01
1.1470000e+00     5.1798733e-01
1.1480000e+00     5.1739328e-01
1.1490000e+00     5.1679939e-01
1.1500000e+00     5.1620567e-01
1.1510000e+00     5.1561212e-01
1.1520000e+00     5.1501874e-01
1.1530000e+00     5.1442552e-01
1.1540000e+00     5.1383247e-01
1.1550000e+00     5.1323959e-01
1.1560000e+00     5.1264689e-01
1.1570000e+00     5.1205435e-01
1.1580000e+00     5.1146199e-01
1.1590000e+00     5.1086981e-01
1.1600000e+00     5.1027780e-01
1.1610000e+00     5.0968596e-01
1.1620000e+00     5.0909431e-01
1.1630000e+00     5.0850283e-01
1.1640000e+00     5.0791153e-01
1.1650000e+00     5.0732041e-01
1.1660000e+00     5.0672947e-01
1.1670000e+00     5.0613872e-01
1.1680000e+00     5.0554815e-01
1.1690000e+00     5.0495776e-01
1.1700000e+00     5.0436756e-01
1.1710000e+00     5.0377754e-01
1.1720000e+00     5.0318771e-01
1.1730000e+00     5.0259807e-01
1.1740000e+00     5.0200861e-01
1.1750000e+00     5.0141935e-01
1.1760000e+00     5.0083028e-01
1.1770000e+00     5.0024140e-01
1.1780000e+00     4.9965271e-01
1.1790000e+00     4.9906422e-01
1.1800000e+00     4.9847592e-01
1.1810000e+00     4.9788781e-01
1.1820000e+00     4.9729991e-01
1.1830000e+00     4.9671220e-01
1.1840000e+00     4.9612469e-01
1.1850000e+00     4.9553737e-01
1.1860000e+00     4.9495026e-01
1.1870000e+00     4.9436335e-01
1.1880000e+00     4.9377664e-01
1.1890000e+00     4.9319014e-01
1.1900000e+00     4.9260384e-01
1.1910000e+00     4.9201774e-01
1.1920000e+00     4.9143185e-01
1.1930000e+00     4.9084617e-01
1.1940000e+00     4.9026069e-01
1.1950000e+00     4.8967543e-01
1.1960000e+00     4.8909037e-01
1.1970000e+00     4.8850552e-01
1.1980000e+00     4.8792089e-01
1.1990000e+00     4.8733647e-01
1.2000000e+00     4.8675226e-01
1.2010000e+00     4.8616826e-01
1.2020000e+00     4.8558448e-01
1.2030000e+00     4.8500092e-01
1.2040000e+00     4.8441757e-01
1.2050000e+00     4.8383444e-01
1.2060000e+00     4.8325153e-01
1.2070000e+00     4.8266884e-01
1.2080000e+00     4.8208637e-01
1.2090000e+00     4.8150412e-01
1.2100000e+00     4.8092209e-01
1.2110000e+00     4.8034028e-01
1.2120000e+00     4.7975870e-01
1.2130000e+00     4.7917735e-01
1.2140000e+00     4.7859622e-01
1.2150000e+00     4.7801532e-01
1.2160000e+00     4.7743464e-01
1.2170000e+00     4.7685420e-01
1.2180000e+00     4.7627398e-01
1.2190000e+00     4.7569399e-01
1.2200000e+00     4.7511424e-01
1.2210000e+00     4.7453472e-01
1.2220000e+00     4.7395543e-01
1.2230000e+00     4.7337637e-01
1.2240000e+00     4.7279755e-01
1.2250000e+00     4.7221896e-01
1.2260000e+00     4.7164061e-01
1.2270000e+00     4.7106250e-01
1.2280000e+00     4.7048462e-01
1.2290000e+00     4.6990699e-01
1.2300000e+00     4.6932959e-01
1.2310000e+00     4.6875244e-01
1.2320000e+00     4.6817552e-01
1.2330000e+00     4.6759885e-01
1.2340000e+00     4.6702243e-01
1.2350000e+00     4.6644624e-01
1.2360000e+00     4.6587030e-01
1.2370000e+00     4.6529461e-01
1.2380000e+00     4.6471917e-01
1.2390000e+00     4.6414397e-01
1.2400000e+00     4.6356902e-01
1.2410000e+00     4.6299432e-01
1.2420000e+00     4.6241987e-01
1.2430000e+00     4.6184567e-01
1.2440000e+00     4.6127172e-01
1.2450000e+00     4.6069802e-01
1.2460000e+00     4.6012458e-01
1.2470000e+00     4.5955139e-01
1.2480000e+00     4.5897846e-01
1.2490000e+00     4.5840578e-01
1.2500000e+00     4.5783336e-01
1.2510000e+00     4.5726120e-01
1.2520000e+00     4.5668929e-01
1.2530000e+00     4.5611765e-01
1.2540000e+00     4.5554626e-01
1.2550000e+00     4.5497514e-01
1.2560000e+00     4.5440428e-01
1.2570000e+00     4.5383368e-01
1.2580000e+00     4.5326334e-01
1.2590000e+00     4.5269327e-01
1.2600000e+00     4.5212346e-01
1.2610000e+00     4.5155392e-01
1.2620000e+00     4.5098464e-01
1.2630000e+00     4.5041563e-01
1.2640000e+00     4.4984689e-01
1.2650000e+00     4.4927842e-01
1.2660000e+00     4.4871022e-01
1.2670000e+00     4.4814228e-01
1.2680000e+00     4.4757462e-01
1.2690000e+00     4.4700723e-01
1.2700000e+00     4.4644012e-01
1.2710000e+00     4.4587328e-01
1.2720000e+00     4.4530671e-01
1.2730000e+00     4.4474042e-01
1.2740000e+00     4.4417440e-01
1.2750000e+00     4.4360866e-01
1.2760000e+00     4.4304320e-01
1.2770000e+00     4.4247801e-01
1.2780000e+00     4.4191311e-01
1.2790000e+00     4.4134849e-01
1.2800000e+00     4.4078414e-01
1.2810000e+00     4.4022008e-01
1.2820000e+00     4.3965630e-01
1.2830000e+00     4.3909280e-01
1.2840000e+00     4.3852959e-01
1.2850000e+00     4.3796666e-01
1.2860000e+00     4.3740401e-01
1.2870000e+00     4.3684165e-01
1.2880000e+00     4.3627958e-01
1.2890000e+00     4.3571780e-01
1.2900000e+00     4.3515630e-01
1.2910000e+00     4.3459509e-01
1.2920000e+00     4.3403418e-01
1.2930000e+00     4.3347355e-01
1.2940000e+00     4.3291321e-01
1.2950000e+00     4.3235317e-01
1.2960000e+00     4.3179342e-01
1.2970000e+00     4.3123396e-01
1.2980000e+00     4.3067480e-01
1.2990000e+00     4.3011593e-01
1.3000000e+00     4.2955736e-01
1.3010000e+00     4.2899908e-01
1.3020000e+00     4.2844110e-01
1.3030000e+00     4.2788342e-01
1.3040000e+00     4.2732604e-01
1.3050000e+00     4.2676896e-01
1.3060000e+00     4.2621217e-01
1.3070000e+00     4.2565569e-01
1.3080000e+00     4.2509951e-01
1.3090000e+00     4.2454363e-01
1.3100000e+00     4.2398805e-01
1.3110000e+00     4.2343278e-01
1.3120000e+00     4.2287781e-01
1.3130000e+00     4.2232315e-01
1.3140000e+00     4.2176879e-01
1.3150000e+00     4.2121474e-01
1.3160000e+00     4.2066100e-01
1.3170000e+00     4.2010756e-01
1.3180000e+00     4.1955443e-01
1.3190000e+00     4.1900162e-01
1.3200000e+00     4.1844911e-01
1.3210000e+00     4.1789691e-01
1.3220000e+00     4.1734503e-01
1.3230000e+00     4.1679345e-01
1.3240000e+00     4.1624219e-01
1.3250000e+00     4.1569124e-01
1.3260000e+00     4.1514061e-01
1.3270000e+00     4.1459029e-01
1.3280000e+00     4.1404029e-01
1.3290000e+00     4.1349060e-01
1.3300000e+00     4.1294123e-01
1.3310000e+00     4.1239218e-01
1.3320000e+00     4.1184344e-01
1.3330000e+00     4.1129502e-01
1.3340000e+00     4.1074693e-01
1.3350000e+00     4.1019915e-01
1.3360000e+00     4.0965170e-01
1.3370000e+00     4.0910456e-01
1.3380000e+00     4.0855775e-01
1.3390000e+00     4.0801126e-01
1.3400000e+00     4.0746510e-01
1.3410000e+00     4.0691926e-01
1.3420000e+00     4.0637374e-01
1.3430000e+00     4.0582855e-01
1.3440000e+00     4.0528369e-01
1.3450000e+00     4.0473915e-01
1.3460000e+00     4.0419494e-01
1.3470000e+00     4.0365105e-01
1.3480000e+00     4.0310750e-01
1.3490000e+00     4.0256428e-01
1.3500000e+00     4.0202138e-01
1.3510000e+00     4.0147882e-01
1.3520000e+00     4.0093659e-01
1.3530000e+00     4.0039469e-01
1.3540000e+00     3.9985312e-01
1.3550000e+00     3.9931189e-01
1.3560000e+00     3.9877098e-01
1.3570000e+00     3.9823042e-01
1.3580000e+00     3.9769019e-01
1.3590000e+00     3.9715029e-01
1.3600000e+00     3.9661073e-01
1.3610000e+00     3.9607151e-01
1.3620000e+00     3.9553263e-01
1.3630000e+00     3.9499408e-01
1.3640000e+00     3.9445587e-01
1.3650000e+00     3.9391801e-01
1.3660000e+00     3.9338048e-01
1.3670000e+00     3.9284329e-01
1.3680000e+00     3.9230644e-01
1.3690000e+00     3.9176994e-01
1.3700000e+00     3.9123378e-01
1.3710000e+00     3.9069796e-01
1.3720000e+00     3.9016248e-01
1.3730000e+00     3.8962735e-01
1.3740000e+00     3.8909257e-01
1.3750000e+00     3.8855813e-01
1.3760000e+00     3.8802403e-01
1.3770000e+00     3.8749029e-01
1.3780000e+00     3.8695689e-01
1.3790000e+00     3.8642383e-01
1.3800000e+00     3.8589113e-01
1.3810000e+00     3.8535877e-01
1.3820000e+00     3.8482677e-01
1.3830000e+00     3.8429511e-01
1.3840000e+00     3.8376381e-01
1.3850000e+00     3.8323285e-01
1.3860000e+00     3.8270225e-01
1.3870000e+00     3.8217200e-01
1.3880000e+00     3.8164211e-01
1.3890000e+00     3.8111257e-01
1.3900000e+00     3.8058338e-01
1.3910000e+00     3.8005454e-01
1.3920000e+00     3.7952607e-01
1.3930000e+00     3.7899794e-01
1.3940000e+00     3.7847018e-01
1.3950000e+00     3.7794277e-01
1.3960000e+00     3.7741572e-01
1.3970000e+00     3.7688902e-01
1.3980000e+00     3.7636269e-01
1.3990000e+00     3.7583671e-01
1.4000000e+00     3.7531110e-01
1.4010000e+00     3.7478584e-01
1.4020000e+00     3.7426095e-01
1.4030000e+00     3.7373642e-01
1.4040000e+00     3.7321224e-01
1.4050000e+00     3.7268844e-01
1.4060000e+00     3.7216499e-01
1.4070000e+00     3.7164191e-01
1.4080000e+00     3.7111919e-01
1.4090000e+00     3.7059684e-01
1.4100000e+00     3.7007485e-01
1.4110000e+00     3.6955323e-01
1.4120000e+00     3.6903197e-01
1.4130000e+00     3.6851108e-01
1.4140000e+00     3.6799056e-01
1.4150000e+00     3.6747040e-01
1.4160000e+00     3.6695062e-01
1.4170000e+00     3.6643120e-01
1.4180000e+00     3.6591215e-01
1.4190000e+00     3.6539347e-01
1.4200000e+00     3.6487516e-01
1.4210000e+00     3.6435723e-01
1.4220000e+00     3.6383966e-01
1.4230000e+00     3.6332247e-01
1.4240000e+00     3.6280565e-01
1.4250000e+00     3.6228920e-01
1.4260000e+00     3.6177312e-01
1.4270000e+00     3.6125742e-01
1.4280000e+00     3.6074209e-01
1.4290000e+00     3.6022714e-01
1.4300000e+00     3.5971256e-01
1.4310000e+00     3.5919836e-01
1.4320000e+00     3.5868454e-01
1.4330000e+00     3.5817109e-01
1.4340000e+00     3.5765802e-01
1.4350000e+00     3.5714533e-01
1.4360000e+00     3.5663301e-01
1.4370000e+00     3.5612108e-01
1.4380000e+00     3.5560952e-01
1.4390000e+00     3.5509834e-01
1.4400000e+00     3.5458755e-01
1.4410000e+00     3.5407713e-01
1.4420000e+00     3.5356710e-01
1.4430000e+00     3.5305745e-01
1.4440000e+00     3.5254817e-01
1.4450000e+00     3.5203929e-01
1.4460000e+00     3.5153078e-01
1.4470000e+00     3.5102266e-01
1.4480000e+00     3.5051492e-01
1.4490000e+00     3.5000757e-01
1.4500000e+00     3.4950060e-01
1.4510000e+00     3.4899402e-01
1.4520000e+00     3.4848782e-01
1.4530000e+00     3.4798201e-01
1.4540000e+00     3.4747658e-01
1.4550000e+00     3.4697155e-01
1.4560000e+00     3.4646690e-01
1.4570000e+00     3.4596264e-01
1.4580000e+00     3.4545876e-01
1.4590000e+00     3.4495528e-01
1.4600000e+00     3.4445218e-01
1.4610000e+00     3.4394948e-01
1.4620000e+00     3.4344716e-01
1.4630000e+00     3.4294524e-01
1.4640000e+00     3.4244370e-01
1.4650000e+00     3.4194256e-01
1.4660000e+00     3.4144181e-01
1.4670000e+00     3.4094146e-01
1.4680000e+00     3.4044149e-01
1.4690000e+00     3.3994192e-01
1.4700000e+00     3.3944274e-01
1.4710000e+00     3.3894396e-01
1.4720000e+00     3.3844557e-01
1.4730000e+00     3.3794757e-01
1.4740000e+00     3.3744998e-01
1.4750000e+00     3.3695277e-01
1.4760000e+00     3.3645597e-01
1.4770000e+00     3.3595955e-01
1.4780000e+00     3.3546354e-01
1.4790000e+00     3.3496792e-01
1.4800000e+00     3.3447271e-01
1.4810000e+00     3.3397789e-01
1.4820000e+00     3.3348346e-01
1.4830000e+00     3.3298944e-01
1.4840000e+00     3.3249582e-01
1.4850000e+00     3.3200259e-01
1.4860000e+00     3.3150977e-01
1.4870000e+00     3.3101735e-01
1.4880000e+00     3.3052532e-01
1.4890000e+00     3.3003370e-01
1.4900000e+00     3.2954248e-01
1.4910000e+00     3.2905167e-01
1.4920000e+00     3.2856125e-01
1.4930000e+00     3.2807124e-01
1.4940000e+00     3.2758163e-01
1.4950000e+00     3.2709243e-01
1.4960000e+00     3.2660362e-01
1.4970000e+00     3.2611523e-01
1.4980000e+00     3.2562724e-01
1.4990000e+00     3.2513965e-01
1.5000000e+00     3.2465247e-01
1.5010000e+00     3.2416569e-01
1.5020000e+00     3.2367932e-01
1.5030000e+00     3.2319336e-01
1.5040000e+00     3.2270780e-01
1.5050000e+00     3.2222265e-01
1.5060000e+00     3.2173791e-01
1.5070000e+00     3.2125358e-01
1.5080000e+00     3.2076965e-01
1.5090000e+00     3.2028614e-01
1.5100000e+00     3.1980303e-01
1.5110000e+00     3.1932033e-01
1.5120000e+00     3.1883805e-01
1.5130000e+00     3.1835617e-01
1.5140000e+00     3.1787470e-01
1.5150000e+00     3.1739364e-01
1.5160000e+00     3.1691300e-01
1.5170000e+00     3.1643276e-01
1.5180000e+00     3.1595294e-01
1.5190000e+00     3.1547353e-01
1.5200000e+00     3.1499453e-01
1.5210000e+00     3.1451595e-01
1.5220000e+00     3.1403777e-01
1.5230000e+00     3.1356002e-01
1.5240000e+00     3.1308267e-01
1.5250000e+00     3.1260574e-01
1.5260000e+00     3.1212922e-01
1.5270000e+00     3.1165312e-01
1.5280000e+00     3.1117743e-01
1.5290000e+00     3.1070216e-01
1.5300000e+00     3.1022731e-01
1.5310000e+00     3.0975287e-01
1.5320000e+00     3.0927884e-01
1.5330000e+00     3.0880524e-01
1.5340000e+00     3.0833205e-01
1.5350000e+00     3.0785927e-01
1.5360000e+00     3.0738692e-01
1.5370000e+00     3.0691498e-01
1.5380000e+00     3.0644346e-01
1.5390000e+00     3.0597236e-01
1.5400000e+00     3.0550168e-01
1.5410000e+00     3.0503142e-01
1.5420000e+00     3.0456157e-01
1.5430000e+00     3.0409215e-01
1.5440000e+00     3.0362315e-01
1.5450000e+00     3.0315456e-01
1.5460000e+00     3.0268640e-01
1.5470000e+00     3.0221866e-01
1.5480000e+00     3.0175133e-01
1.5490000e+00     3.0128443e-01
1.5500000e+00     3.0081795e-01
1.5510000e+00     3.0035190e-01
1.5520000e+00     2.9988626e-01
1.5530000e+00     2.9942105e-01
1.5540000e+00     2.9895626e-01
1.5550000e+00     2.9849189e-01
1.5560000e+00     2.9802795e-01
1.5570000e+00     2.9756443e-01
1.5580000e+00     2.9710134e-01
1.5590000e+00     2.9663866e-01
1.5600000e+00     2.9617642e-01
1.5610000e+00     2.9571459e-01
1.5620000e+00     2.9525320e-01
1.5630000e+00     2.9479222e-01
1.5640000e+00     2.9433168e-01
1.5650000e+00     2.9387155e-01
1.5660000e+00     2.9341186e-01
1.5670000e+00     2.9295259e-01
1.5680000e+00     2.9249374e-01
1.5690000e+00     2.9203533e-01
1.5700000e+00     2.9157734e-01
1.5710000e+00     2.9111977e-01
1.5720000e+00     2.9066264e-01
1.5730000e+00     2.9020593e-01
1.5740000e+00     2.8974965e-01
1.5750000e+00     2.8929380e-01
1.5760000e+00     2.8883838e-01
1.5770000e+00     2.8838338e-01
1.5780000e+00     2.8792881e-01
1.5790000e+00     2.8747468e-01
1.5800000e+00     2.8702097e-01
1.5810000e+00     2.8656769e-01
1.5820000e+00     2.8611484e-01
1.5830000e+00     2.8566242e-01
1.5840000e+00     2.8521044e-01
1.5850000e+00     2.8475888e-01
1.5860000e+00     2.8430775e-01
1.5870000e+00     2.8385705e-01
1.5880000e+00     2.8340679e-01
1.5890000e+00     2.8295695e-01
1.5900000e+00     2.8250755e-01
1.5910000e+00     2.8205858e-01
1.5920000e+00     2.8161004e-01
1.5930000e+00     2.8116193e-01
1.5940000e+00     2.8071426e-01
1.5950000e+00     2.8026702e-01
1.5960000e+00     2.7982021e-01
1.5970000e+00     2.7937383e-01
1.5980000e+00     2.7892789e-01
1.5990000e+00     2.7848238e-01
1.6000000e+00     2.7803730e-01
1.6010000e+00     2.7759266e-01
1.6020000e+00     2.7714845e-01
1.6030000e+00     2.7670467e-01
1.6040000e+00     2.7626133e-01
1.6050000e+00     2.7581843e-01
1.6060000e+00     2.7537596e-01
1.6070000e+00     2.7493392e-01
1.6080000e+00     2.7449232e-01
1.6090000e+00     2.7405115e-01
1.6100000e+00     2.7361042e-01
1.6110000e+00     2.7317013e-01
1.6120000e+00     2.7273027e-01
1.6130000e+00     2.7229085e-01
1.6140000e+00     2.7185186e-01
1.6150000e+00     2.7141331e-01
1.6160000e+00     2.7097519e-01
1.6170000e+00     2.7053752e-01
1.6180000e+00     2.7010028e-01
1.6190000e+00     2.6966347e-01
1.6200000e+00     2.6922710e-01
1.6210000e+00     2.6879118e-01
1.6220000e+00     2.6835568e-01
1.6230000e+00     2.6792063e-01
1.6240000e+00     2.6748601e-01
1.6250000e+00     2.6705184e-01
1.6260000e+00     2.6661810e-01
1.6270000e+00     2.6618479e-01
1.6280000e+00     2.6575193e-01
1.6290000e+00     2.6531950e-01
1.6300000e+00     2.6488752e-01
1.6310000e+00     2.6445597e-01
1.6320000e+00     2.6402486e-01
1.6330000e+00     2.6359419e-01
1.6340000e+00     2.6316396e-01
1.6350000e+00     2.6273417e-01
1.6360000e+00     2.6230482e-01
1.6370000e+00     2.6187591e-01
1.6380000e+00     2.6144744e-01
1.6390000e+00     2.6101941e-01
1.6400000e+00     2.6059182e-01
1.6410000e+00     2.6016467e-01
1.6420000e+00     2.5973796e-01
1.6430000e+00     2.5931169e-01
1.6440000e+00     2.5888586e-01
1.6450000e+00     2.5846047e-01
1.6460000e+00     2.5803553e-01
1.6470000e+00     2.5761102e-01
1.6480000e+00     2.5718696e-01
1.6490000e+00     2.5676333e-01
1.6500000e+00     2.5634015e-01
1.6510000e+00     2.5591741e-01
1.6520000e+00     2.5549511e-01
1.6530000e+00     2.5507326e-01
1.6540000e+00     2.5465184e-01
1.6550000e+00     2.5423087e-01
1.6560000e+00     2.5381034e-01
1.6570000e+00     2.5339025e-01
1.6580000e+00     2.5297060e-01
1.6590000e+00     2.5255140e-01
1.6600000e+00     2.5213264e-01
1.6610000e+00     2.5171432e-01
1.6620000e+00     2.5129644e-01
1.6630000e+00     2.5087901e-01
1.6640000e+00     2.5046202e-01
1.6650000e+00     2.5004547e-01
1.6660000e+00     2.4962937e-01
1.6670000e+00     2.4921370e-01
1.6680000e+00     2.4879849e-01
1.6690000e+00     2.4838371e-01
1.6700000e+00     2.4796938e-01
1.6710000e+00     2.4755549e-01
1.6720000e+00     2.4714205e-01
1.6730000e+00     2.4672905e-01
1.6740000e+00     2.4631650e-01
1.6750000e+00     2.4590438e-01
1.6760000e+00     2.4549272e-01
1.6770000e+00     2.4508149e-01
1.6780000e+00     2.4467071e-01
1.6790000e+00     2.4426038e-01
1.6800000e+00     2.4385049e-01
1.6810000e+00     2.4344104e-01
1.6820000e+00     2.4303204e-01
1.6830000e+00     2.4262348e-01
1.6840000e+00     2.4221537e-01
1.6850000e+00     2.4180770e-01
1.6860000e+00     2.4140048e-01
1.6870000e+00     2.4099370e-01
1.6880000e+00     2.4058736e-01
1.6890000e+00     2.4018147e-01
1.6900000e+00     2.3977603e-01
1.6910000e+00     2.3937103e-01
1.6920000e+00     2.3896648e-01
1.6930000e+00     2.3856237e-01
1.6940000e+00     2.3815870e-01
1.6950000e+00     2.3775549e-01
1.6960000e+00     2.3735271e-01
1.6970000e+00     2.3695039e-01
1.6980000e+00     2.3654850e-01
1.6990000e+00     2.3614707e-01
1.7000000e+00     2.3574608e-01
1.7010000e+00     2.3534553e-01
1.7020000e+00     2.3494543e-01
1.7030000e+00     2.3454578e-01
1.7040000e+00     2.3414657e-01
1.7050000e+00     2.3374781e-01
1.7060000e+00     2.3334949e-01
1.7070000e+00     2.3295162e-01
1.7080000e+00     2.3255419e-01
1.7090000e+00     2.3215721e-01
1.7100000e+00     2.3176068e-01
1.7110000e+00     2.3136459e-01
1.7120000e+00     2.3096895e-01
1.7130000e+00     2.3057375e-01
1.7140000e+00     2.3017900e-01
1.7150000e+00     2.2978470e-01
1.7160000e+00     2.2939084e-01
1.7170000e+00     2.2899743e-01
1.7180000e+00     2.2860446e-01
1.7190000e+00     2.2821194e-01
1.7200000e+00     2.2781987e-01
1.7210000e+00     2.2742824e-01
1.7220000e+00     2.2703706e-01
1.7230000e+00     2.2664633e-01
1.7240000e+00     2.2625604e-01
1.7250000e+00     2.2586620e-01
1.7260000e+00     2.2547680e-01
1.7270000e+00     2.2508785e-01
1.7280000e+00     2.2469935e-01
1.7290000e+00     2.2431129e-01
1.7300000e+00     2.2392368e-01
1.7310000e+00     2.2353652e-01
1.7320000e+00     2.2314980e-01
1.7330000e+00     2.2276352e-01
1.7340000e+00     2.2237770e-01
1.7350000e+00     2.2199232e-01
1.7360000e+00     2.2160738e-01
1.7370000e+00     2.2122290e-01
1.7380000e+00     2.2083886e-01
1.7390000e+00     2.2045526e-01
1.7400000e+00     2.2007211e-01
1.7410000e+00     2.1968941e-01
1.7420000e+00     2.1930715e-01
1.7430000e+00     2.1892534e-01
1.7440000e+00     2.1854398e-01
1.7450000e+00     2.1816306e-01
1.7460000e+00     2.1778259e-01
1.7470000e+00     2.1740257e-01
1.7480000e+00     2.1702299e-01
1.7490000e+00     2.1664385e-01
1.7500000e+00     2.1626517e-01
1.7510000e+00     2.1588693e-01
1.7520000e+00     2.1550913e-01
1.7530000e+00     2.1513178e-01
1.7540000e+00     2.1475488e-01
1.7550000e+00     2.1437842e-01
1.7560000e+00     2.1400241e-01
1.7570000e+00     2.1362685e-01
1.7580000e+00     2.1325173e-01
1.7590000e+00     2.1287705e-01
1.7600000e+00     2.1250282e-01
1.7610000e+00     2.1212904e-01
1.7620000e+00     2.1175571e-01
1.7630000e+00     2.1138282e-01
1.7640000e+00     2.1101037e-01
1.7650000e+00     2.1063837e-01
1.7660000e+00     2.1026682e-01
1.7670000e+00     2.0989571e-01
1.7680000e+00     2.0952505e-01
1.7690000e+00     2.0915483e-01
1.7700000e+00     2.0878506e-01
1.7710000e+00     2.0841573e-01
1.7720000e+00     2.0804685e-01
1.7730000e+00     2.0767841e-01
1.7740000e+00     2.0731042e-01
1.7750000e+00     2.0694287e-01
1.7760000e+00     2.0657577e-01
1.7770000e+00     2.0620912e-01
1.7780000e+00     2.0584290e-01
1.7790000e+00     2.0547714e-01
1.7800000e+00     2.0511182e-01
1.7810000e+00     2.0474694e-01
1.7820000e+00     2.0438251e-01
1.7830000e+00     2.0401852e-01
1.7840000e+00     2.0365498e-01
1.7850000e+00     2.0329188e-01
1.7860000e+00     2.0292923e-01
1.7870000e+00     2.0256702e-01
1.7880000e+00     2.0220525e-01
1.7890000e+00     2.0184393e-01
1.7900000e+00     2.0148305e-01
1.7910000e+00     2.0112262e-01
1.7920000e+00     2.0076263e-01
1.7930000e+00     2.0040309e-01
1.7940000e+00     2.0004399e-01
1.7950000e+00     1.9968533e-01
1.7960000e+00     1.9932712e-01
1.7970000e+00     1.9896935e-01
1.7980000e+00     1.9861202e-01
1.7990000e+00     1.9825514e-01
1.8000000e+00     1.9789870e-01
1.8010000e+00     1.9754270e-01
1.8020000e+00     1.9718715e-01
1.8030000e+00     1.9683204e-01
1.8040000e+00     1.9647737e-01
1.8050000e+00     1.9612315e-01
1.8060000e+00     1.9576937e-01
1.8070000e+00     1.9541603e-01
1.8080000e+00     1.9506314e-01
1.8090000e+00     1.9471068e-01
1.8100000e+00     1.9435867e-01
1.8110000e+00     1.9400710e-01
1.8120000e+00     1.9365598e-01
1.8130000e+00     1.9330530e-01
1.8140000e+00     1.9295505e-01
1.8150000e+00     1.9260525e-01
1.8160000e+00     1.9225590e-01
1.8170000e+00     1.9190698e-01
1.8180000e+00     1.9155851e-01
1.8190000e+00     1.9121047e-01
1.8200000e+00     1.9086288e-01
1.8210000e+00     1.9051573e-01
1.8220000e+00     1.9016902e-01
1.8230000e+00     1.8982276e-01
1.8240000e+00     1.8947693e-01
1.8250000e+00     1.8913155e-01
1.8260000e+00     1.8878660e-01
1.8270000e+00     1.8844210e-01
1.8280000e+00     1.8809803e-01
1.8290000e+00     1.8775441e-01
1.8300000e+00     1.8741123e-01
1.8310000e+00     1.8706848e-01
1.8320000e+00     1.8672618e-01
1.8330000e+00     1.8638432e-01
1.8340000e+00     1.8604290e-01
1.8350000e+00     1.8570191e-01
1.8360000e+00     1.8536137e-01
1.8370000e+00     1.8502127e-01
1.8380000e+00     1.8468160e-01
1.8390000e+00     1.8434238e-01
1.8400000e+00     1.8400359e-01
1.8410000e+00     1.8366524e-01
1.8420000e+00     1.8332734e-01
1.8430000e+00     1.8298987e-01
1.8440000e+00     1.8265284e-01
1.8450000e+00     1.8231624e-01
1.8460000e+00     1.8198009e-01
1.8470000e+00     1.8164437e-01
1.8480000e+00     1.8130909e-01
1.8490000e+00     1.8097425e-01
1.8500000e+00     1.8063985e-01
1.8510000e+00     1.8030589e-01
1.8520000e+00     1.7997236e-01
1.8530000e+00     1.7963927e-01
1.8540000e+00     1.7930662e-01
1.8550000e+00     1.7897440e-01
1.8560000e+00     1.7864262e-01
1.8570000e+00     1.7831128e-01
1.8580000e+00     1.7798037e-01
1.8590000e+00     1.7764990e-01
1.8600000e+00     1.7731987e-01
1.8610000e+00     1.7699027e-01
1.8620000e+00     1.7666111e-01
1.8630000e+00     1.7633239e-01
1.8640000e+00     1.7600410e-01
1.8650000e+00     1.7567624e-01
1.8660000e+00     1.7534883e-01
1.8670000e+00     1.7502184e-01
1.8680000e+00     1.7469529e-01
1.8690000e+00     1.7436918e-01
1.8700000e+00     1.7404350e-01
1.8710000e+00     1.7371826e-01
1.8720000e+00     1.7339345e-01
1.8730000e+00     1.7306907e-01
1.8740000e+00     1.7274513e-01
1.8750000e+00     1.7242162e-01
1.8760000e+00     1.7209855e-01
1.8770000e+00     1.7177591e-01
1.8780000e+00     1.7145370e-01
1.8790000e+00     1.7113193e-01
1.8800000e+00     1.7081059e-01
1.8810000e+00     1.7048968e-01
1.8820000e+00     1.7016921e-01
1.8830000e+00     1.6984917e-01
1.8840000e+00     1.6952956e-01
1.8850000e+00     1.6921038e-01
1.8860000e+00     1.6889163e-01
1.8870000e+00     1.6857332e-01
1.8880000e+00     1.6825544e-01
1.8890000e+00     1.6793799e-01
1.8900000e+00     1.6762097e-01
1.8910000e+00     1.6730438e-01
1.8920000e+00     1.6698822e-01
1.8930000e+00     1.6667249e-01
1.8940000e+00     1.6635720e-01
1.8950000e+00     1.6604233e-01
1.8960000e+00     1.6572790e-01
1.8970000e+00     1.6541389e-01
1.8980000e+00     1.6510032e-01
1.8990000e+00     1.6478717e-01
1.9000000e+00     1.6447446e-01
1.9010000e+00     1.6416217e-01
1.9020000e+00     1.6385031e-01
1.9030000e+00     1.6353888e-01
1.9040000e+00     1.6322788e-01
1.9050000e+00     1.6291731e-01
1.9060000e+00     1.6260717e-01
1.9070000e+00     1.6229745e-01
1.9080000e+00     1.6198817e-01
1.9090000e+00     1.6167931e-01
1.9100000e+00     1.6137087e-01
1.9110000e+00     1.6106287e-01
1.9120000e+00     1.6075529e-01
1.9130000e+00     1.6044814e-01
1.9140000e+00     1.6014142e-01
1.9150000e+00     1.5983512e-01
1.9160000e+00     1.5952925e-01
1.9170000e+00     1.5922380e-01
1.9180000e+00     1.5891878e-01
1.9190000e+00     1.5861419e-01
1.9200000e+00     1.5831002e-01
1.9210000e+00     1.5800628e-01
1.9220000e+00     1.5770296e-01
1.9230000e+00     1.5740007e-01
1.9240000e+00     1.5709760e-01
1.9250000e+00     1.5679556e-01
1.9260000e+00     1.5649394e-01
1.9270000e+00     1.5619274e-01
1.9280000e+00     1.5589197e-01
1.9290000e+00     1.5559162e-01
1.9300000e+00     1.5529170e-01
1.9310000e+00     1.5499220e-01
1.9320000e+00     1.5469312e-01
1.9330000e+00     1.5439446e-01
1.9340000e+00     1.5409623e-01
1.9350000e+00     1.5379842e-01
1.9360000e+00     1.5350103e-01
1.9370000e+00     1.5320406e-01
1.9380000e+00     1.5290752e-01
1.9390000e+00     1.5261139e-01
1.9400000e+00     1.5231569e-01
1.9410000e+00     1.5202041e-01
1.9420000e+00     1.5172555e-01
1.9430000e+00     1.5143111e-01
1.9440000e+00     1.5113709e-01
1.9450000e+00     1.5084349e-01
1.9460000e+00     1.5055030e-01
1.9470000e+00     1.5025754e-01
1.9480000e+00     1.4996520e-01
1.9490000e+00     1.4967328e-01
1.9500000e+00     1.4938178e-01
1.9510000e+00     1.4909069e-01
1.9520000e+00     1.4880002e-01
1.9530000e+00     1.4850977e-01
1.9540000e+00     1.4821994e-01
1.9550000e+00     1.4793053e-01
1.9560000e+00     1.4764154e-01
1.9570000e+00     1.4735296e-01
1.9580000e+00     1.4706480e-01
1.9590000e+00     1.4677705e-01
1.9600000e+00     1.4648972e-01
1.9610000e+00     1.4620281e-01
1.9620000e+00     1.4591632e-01
1.9630000e+00     1.4563024e-01
1.9640000e+00     1.4534457e-01
1.9650000e+00     1.4505932e-01
1.9660000e+00     1.4477449e-01
1.9670000e+00     1.4449007e-01
1.9680000e+00     1.4420606e-01
1.9690000e+00     1.4392247e-01
1.9700000e+00     1.4363930e-01
1.9710000e+00     1.4335653e-01
1.9720000e+00     1.4307419e-01
1.9730000e+00     1.4279225e-01
1.9740000e+00     1.4251073e-01
1.9750000e+00     1.4222962e-01
1.9760000e+00     1.4194892e-01
1.9770000e+00     1.4166864e-01
1.9780000e+00     1.4138876e-01
1.9790000e+00     1.4110930e-01
1.9800000e+00     1.4083025e-01
1.9810000e+00     1.4055161e-01
1.9820000e+00     1.4027339e-01
1.9830000e+00     1.3999557e-01
1.9840000e+00     1.3971816e-01
1.9850000e+00     1.3944117e-01
1.9860000e+00     1.3916458e-01
1.9870000e+00     1.3888841e-01
1.9880000e+00     1.3861264e-01
1.9890000e+00     1.3833728e-01
1.9900000e+00     1.3806233e-01
1.9910000e+00     1.3778779e-01
1.9920000e+00     1.3751366e-01
1.9930000e+00     1.3723994e-01
1.9940000e+00     1.3696662e-01
1.9950000e+00     1.3669372e-01
1.9960000e+00     1.3642122e-01
1.9970000e+00     1.3614912e-01
1.9980000e+00     1.3587744e-01
1.9990000e+00     1.3560616e-01
2.0000000e+00     1.3533528e-01
2.0010000e+00     1.3506482e-01
2.0020000e+00     1.3479475e-01
2.0030000e+00     1.3452510e-01
2.0040000e+00     1.3425585e-01
2.0050000e+00     1.3398700e-01
2.0060000e+00     1.3371856e-01
2.0070000e+00     1.3345052e-01
2.0080000e+00     1.3318289e-01
2.0090000e+00     1.3291566e-01
2.0100000e+00     1.3264883e-01
2.0110000e+00     1.3238241e-01
2.0120000e+00     1.3211639e-01
2.0130000e+00     1.3185077e-01
2.0140000e+00     1.3158556e-01
2.0150000e+00     1.3132075e-01
2.0160000e+00     1.3105634e-01
2.0170000e+00     1.3079233e-01
2.0180000e+00     1.3052872e-01
2.0190000e+00     1.3026551e-01
2.0200000e+00     1.3000271e-01
2.0210000e+00     1.2974030e-01
2.0220000e+00     1.2947830e-01
2.0230000e+00     1.2921669e-01
2.0240000e+00     1.2895549e-01
2.0250000e+00     1.2869468e-01
2.0260000e+00     1.2843427e-01
2.0270000e+00     1.2817426e-01
2.0280000e+00     1.2791465e-01
2.0290000e+00     1.2765544e-01
2.0300000e+00     1.2739663e-01
2.0310000e+00     1.2713821e-01
2.0320000e+00     1.2688019e-01
2.0330000e+00     1.2662257e-01
2.0340000e+00     1.2636535e-01
2.0350000e+00     1.2610852e-01
2.0360000e+00     1.2585208e-01
2.0370000e+00     1.2559605e-01
2.0380000e+00     1.2534041e-01
2.0390000e+00     1.2508516e-01
2.0400000e+00     1.2483031e-01
2.0410000e+00     1.2457585e-01
2.0420000e+00     1.2432179e-01
2.0430000e+00     1.2406812e-01
2.0440000e+00     1.2381485e-01
2.0450000e+00     1.2356197e-01
2.0460000e+00     1.2330948e-01
2.0470000e+00     1.2305738e-01
2.0480000e+00     1.2280568e-01
2.0490000e+00     1.2255437e-01
2.0500000e+00     1.2230345e-01
2.0510000e+00     1.2205293e-01
2.0520000e+00     1.2180279e-01
2.0530000e+00     1.2155305e-01
2.0540000e+00     1.2130370e-01
2.0550000e+00     1.2105473e-01
2.0560000e+00     1.2080616e-01
2.0570000e+00     1.2055798e-01
2.0580000e+00     1.2031018e-01
2.0590000e+00     1.2006278e-01
2.0600000e+00     1.1981577e-01
2.0610000e+00     1.1956914e-01
2.0620000e+00     1.1932290e-01
2.0630000e+00     1.1907705e-01
2.0640000e+00     1.1883159e-01
2.0650000e+00     1.1858652e-01
2.0660000e+00     1.1834183e-01
2.0670000e+00     1.1809753e-01
2.0680000e+00     1.1785361e-01
2.0690000e+00     1.1761008e-01
2.0700000e+00     1.1736694e-01
2.0710000e+00     1.1712418e-01
2.0720000e+00     1.1688181e-01
2.0730000e+00     1.1663983e-01
2.0740000e+00     1.1639822e-01
2.0750000e+00     1.1615701e-01
2.0760000e+00     1.1591617e-01
2.0770000e+00     1.1567572e-01
2.0780000e+00     1.1543566e-01
2.0790000e+00     1.1519597e-01
2.0800000e+00     1.1495667e-01
2.0810000e+00     1.1471775e-01
2.0820000e+00     1.1447922e-01
2.0830000e+00     1.1424106e-01
2.0840000e+00     1.1400329e-01
2.0850000e+00     1.1376589e-01
2.0860000e+00     1.1352888e-01
2.0870000e+00     1.1329225e-01
2.0880000e+00     1.1305600e-01
2.0890000e+00     1.1282013e-01
2.0900000e+00     1.1258464e-01
2.0910000e+00     1.1234953e-01
2.0920000e+00     1.1211479e-01
2.0930000e+00     1.1188044e-01
2.0940000e+00     1.1164646e-01
2.0950000e+00     1.1141286e-01
2.0960000e+00     1.1117964e-01
2.0970000e+00     1.1094680e-01
2.0980000e+00     1.1071433e-01
2.0990000e+00     1.1048224e-01
2.1000000e+00     1.1025053e-01
2.1010000e+00     1.1001919e-01
2.1020000e+00     1.0978822e-01
2.1030000e+00     1.0955764e-01
2.1040000e+00     1.0932743e-01
2.1050000e+00     1.0909759e-01
2.1060000e+00     1.0886812e-01
2.1070000e+00     1.0863903e-01
2.1080000e+00     1.0841032e-01
2.1090000e+00     1.0818198e-01
2.1100000e+00     1.0795401e-01
2.1110000e+00     1.0772641e-01
2.1120000e+00     1.0749919e-01
2.1130000e+00     1.0727233e-01
2.1140000e+00     1.0704585e-01
2.1150000e+00     1.0681974e-01
2.1160000e+00     1.0659401e-01
2.1170000e+00     1.0636864e-01
2.1180000e+00     1.0614364e-01
2.1190000e+00     1.0591901e-01
2.1200000e+00     1.0569476e-01
2.1210000e+00     1.0547087e-01
2.1220000e+00     1.0524735e-01
2.1230000e+00     1.0502420e-01
2.1240000e+00     1.0480142e-01
2.1250000e+00     1.0457900e-01
2.1260000e+00     1.0435695e-01
2.1270000e+00     1.0413528e-01
2.1280000e+00     1.0391396e-01
2.1290000e+00     1.0369302e-01
2.1300000e+00     1.0347244e-01
2.1310000e+00     1.0325222e-01
2.1320000e+00     1.0303238e-01
2.1330000e+00     1.0281289e-01
2.1340000e+00     1.0259378e-01
2.1350000e+00     1.0237502e-01
2.1360000e+00     1.0215664e-01
2.1370000e+00     1.0193861e-01
2.1380000e+00     1.0172095e-01
2.1390000e+00     1.0150365e-01
2.1400000e+00     1.0128672e-01
2.1410000e+00     1.0107014e-01
2.1420000e+00     1.0085393e-01
2.1430000e+00     1.0063809e-01
2.1440000e+00     1.0042260e-01
2.1450000e+00     1.0020747e-01
2.1460000e+00     9.9992710e-02
2.1470000e+00     9.9778305e-02
2.1480000e+00     9.9564261e-02
2.1490000e+00     9.9350577e-02
2.1500000e+00     9.9137253e-02
2.1510000e+00     9.8924287e-02
2.1520000e+00     9.8711680e-02
2.1530000e+00     9.8499432e-02
2.1540000e+00     9.8287541e-02
2.1550000e+00     9.8076009e-02
2.1560000e+00     9.7864834e-02
2.1570000e+00     9.7654016e-02
2.1580000e+00     9.7443554e-02
2.1590000e+00     9.7233449e-02
2.1600000e+00     9.7023700e-02
2.1610000e+00     9.6814307e-02
2.1620000e+00     9.6605268e-02
2.1630000e+00     9.6396585e-02
2.1640000e+00     9.6188257e-02
2.1650000e+00     9.5980282e-02
2.1660000e+00     9.5772662e-02
2.1670000e+00     9.5565395e-02
2.1680000e+00     9.5358481e-02
2.1690000e+00     9.5151921e-02
2.1700000e+00     9.4945712e-02
2.1710000e+00     9.4739856e-02
2.1720000e+00     9.4534352e-02
2.1730000e+00     9.4329199e-02
2.1740000e+00     9.4124397e-02
2.1750000e+00     9.3919946e-02
2.1760000e+00     9.3715845e-02
2.1770000e+00     9.3512094e-02
2.1780000e+00     9.3308693e-02
2.1790000e+00     9.3105642e-02
2.1800000e+00     9.2902939e-02
2.1810000e+00     9.2700585e-02
2.1820000e+00     9.2498579e-02
2.1830000e+00     9.2296921e-02
2.1840000e+00     9.2095610e-02
2.1850000e+00     9.1894647e-02
2.1860000e+00     9.1694030e-02
2.1870000e+00     9.1493761e-02
2.1880000e+00     9.1293837e-02
2.1890000e+00     9.1094259e-02
2.1900000e+00     9.0895026e-02
2.1910000e+00     9.0696138e-02
2.1920000e+00     9.0497595e-02
2.1930000e+00     9.0299397e-02
2.1940000e+00     9.0101542e-02
2.1950000e+00     8.9904031e-02
2.1960000e+00     8.9706863e-02
2.1970000e+00     8.9510038e-02
2.1980000e+00     8.9313556e-02
2.1990000e+00     8.9117416e-02
2.2000000e+00     8.8921617e-02
2.2010000e+00     8.8726161e-02
2.2020000e+00     8.8531045e-02
2.2030000e+00     8.8336270e-02
2.2040000e+00     8.8141835e-02
2.2050000e+00     8.7947740e-02
2.2060000e+00     8.7753985e-02
2.2070000e+00     8.7560570e-02
2.2080000e+00     8.7367493e-02
2.2090000e+00     8.7174755e-02
2.2100000e+00     8.6982355e-02
2.2110000e+00     8.6790293e-02
2.2120000e+00     8.6598568e-02
2.2130000e+00     8.6407180e-02
2.2140000e+00     8.6216130e-02
2.2150000e+00     8.6025415e-02
2.2160000e+00     8.5835037e-02
2.2170000e+00     8.5644994e-02
2.2180000e+00     8.5455287e-02
2.2190000e+00     8.5265914e-02
2.2200000e+00     8.5076877e-02
2.2210000e+00     8.4888173e-02
2.2220000e+00     8.4699803e-02
2.2230000e+00     8.4511767e-02
2.2240000e+00     8.4324064e-02
2.2250000e+00     8.4136693e-02
2.2260000e+00     8.3949655e-02
2.2270000e+00     8.3762949e-02
2.2280000e+00     8.3576575e-02
2.2290000e+00     8.3390532e-02
2.2300000e+00     8.3204820e-02
2.2310000e+00     8.3019438e-02
2.2320000e+00     8.2834387e-02
2.2330000e+00     8.2649666e-02
2.2340000e+00     8.2465274e-02
2.2350000e+00     8.2281211e-02
2.2360000e+00     8.2097476e-02
2.2370000e+00     8.1914071e-02
2.2380000e+00     8.1730993e-02
2.2390000e+00     8.1548243e-02
2.2400000e+00     8.1365820e-02
2.2410000e+00     8.1183724e-02
2.2420000e+00     8.1001954e-02
2.2430000e+00     8.0820511e-02
2.2440000e+00     8.0639393e-02
2.2450000e+00     8.0458601e-02
2.2460000e+00     8.0278134e-02
2.2470000e+00     8.0097992e-02
2.2480000e+00     7.9918173e-02
2.2490000e+00     7.9738679e-02
2.2500000e+00     7.9559509e-02
2.2510000e+00     7.9380661e-02
2.2520000e+00     7.9202137e-02
2.2530000e+00     7.9023935e-02
2.2540000e+00     7.8846055e-02
2.2550000e+00     7.8668497e-02
2.2560000e+00     7.8491260e-02
2.2570000e+00     7.8314344e-02
2.2580000e+00     7.8137749e-02
2.2590000e+00     7.7961474e-02
2.2600000e+00     7.7785519e-02
2.2610000e+00     7.7609883e-02
2.2620000e+00     7.7434567e-02
2.2630000e+00     7.7259569e-02
2.2640000e+00     7.7084890e-02
2.2650000e+00     7.6910529e-02
2.2660000e+00     7.6736485e-02
2.2670000e+00     7.6562759e-02
2.2680000e+00     7.6389349e-02
2.2690000e+00     7.6216256e-02
2.2700000e+00     7.6043480e-02
2.2710000e+00     7.5871019e-02
2.2720000e+00     7.5698873e-02
2.2730000e+00     7.5527043e-02
2.2740000e+00     7.5355527e-02
2.2750000e+00     7.5184326e-02
2.2760000e+00     7.5013439e-02
2.2770000e+00     7.4842865e-02
2.2780000e+00     7.4672604e-02
2.2790000e+00     7.4502656e-02
2.2800000e+00     7.4333021e-02
2.2810000e+00     7.4163698e-02
2.2820000e+00     7.3994686e-02
2.2830000e+00     7.3825986e-02
2.2840000e+00     7.3657596e-02
2.2850000e+00     7.3489518e-02
2.2860000e+00     7.3321749e-02
2.2870000e+00     7.3154290e-02
2.2880000e+00     7.2987141e-02
2.2890000e+00     7.2820301e-02
2.2900000e+00     7.2653770e-02
2.2910000e+00     7.2487547e-02
2.2920000e+00     7.2321632e-02
2.2930000e+00     7.2156024e-02
2.2940000e+00     7.1990724e-02
2.2950000e+00     7.1825731e-02
2.2960000e+00     7.1661044e-02
2.2970000e+00     7.1496663e-02
2.2980000e+00     7.1332588e-02
2.2990000e+00     7.1168818e-02
2.3000000e+00     7.1005354e-02
2.3010000e+00     7.0842194e-02
2.3020000e+00     7.0679338e-02
2.3030000e+00     7.0516786e-02
2.3040000e+00     7.0354537e-02
2.3050000e+00     7.0192592e-02
2.3060000e+00     7.0030949e-02
2.3070000e+00     6.9869609e-02
2.3080000e+00     6.9708571e-02
2.3090000e+00     6.9547834e-02
2.3100000e+00     6.9387399e-02
2.3110000e+00     6.9227264e-02
2.3120000e+00     6.9067430e-02
2.3130000e+00     6.8907896e-02
2.3140000e+00     6.8748662e-02
2.3150000e+00     6.8589728e-02
2.3160000e+00     6.8431092e-02
2.3170000e+00     6.8272755e-02
2.3180000e+00     6.8114716e-02
2.3190000e+00     6.7956975e-02
2.3200000e+00     6.7799531e-02
2.3210000e+00     6.7642385e-02
2.3220000e+00     6.7485535e-02
2.3230000e+00     6.7328982e-02
2.3240000e+00     6.7172724e-02
2.3250000e+00     6.7016763e-02
2.3260000e+00     6.6861096e-02
2.3270000e+00     6.6705725e-02
2.3280000e+00     6.6550648e-02
2.3290000e+00     6.6395865e-02
2.3300000e+00     6.6241376e-02
2.3310000e+00     6.6087180e-02
2.3320000e+00     6.5933277e-02
2.3330000e+00     6.5779667e-02
2.3340000e+00     6.5626349e-02
2.3350000e+00     6.5473323e-02
2.3360000e+00     6.5320589e-02
2.3370000e+00     6.5168145e-02
2.3380000e+00     6.5015993e-02
2.3390000e+00     6.4864130e-02
2.3400000e+00     6.4712558e-02
2.3410000e+00     6.4561275e-02
2.3420000e+00     6.4410282e-02
2.3430000e+00     6.4259578e-02
2.3440000e+00     6.4109162e-02
2.3450000e+00     6.3959034e-02
2.3460000e+00     6.3809194e-02
2.3470000e+00     6.3659641e-02
2.3480000e+00     6.3510375e-02
2.3490000e+00     6.3361396e-02
2.3500000e+00     6.3212703e-02
2.3510000e+00     6.3064296e-02
2.3520000e+00     6.2916175e-02
2.3530000e+00     6.2768338e-02
2.3540000e+00     6.2620787e-02
2.3550000e+00     6.2473520e-02
2.3560000e+00     6.2326536e-02
2.3570000e+00     6.2179837e-02
2.3580000e+00     6.2033420e-02
2.3590000e+00     6.1887287e-02
2.3600000e+00     6.1741436e-02
2.3610000e+00     6.1595867e-02
2.3620000e+00     6.1450580e-02
2.3630000e+00     6.1305575e-02
2.3640000e+00     6.1160850e-02
2.3650000e+00     6.1016406e-02
2.3660000e+00     6.0872242e-02
2.3670000e+00     6.0728358e-02
2.3680000e+00     6.0584754e-02
2.3690000e+00     6.0441429e-02
2.3700000e+00     6.0298382e-02
2.3710000e+00     6.0155614e-02
2.3720000e+00     6.0013124e-02
2.3730000e+00     5.9870912e-02
2.3740000e+00     5.9728977e-02
2.3750000e+00     5.9587319e-02
2.3760000e+00     5.9445937e-02
2.3770000e+00     5.9304832e-02
2.3780000e+00     5.9164002e-02
2.3790000e+00     5.9023447e-02
2.3800000e+00     5.8883168e-02
2.3810000e+00     5.8743163e-02
2.3820000e+00     5.8603433e-02
2.3830000e+00     5.8463977e-02
2.3840000e+00     5.8324794e-02
2.3850000e+00     5.8185884e-02
2.3860000e+00     5.8047247e-02
2.3870000e+00     5.7908882e-02
2.3880000e+00     5.7770790e-02
2.3890000e+00     5.7632969e-02
2.3900000e+00     5.7495419e-02
2.3910000e+00     5.7358141e-02
2.3920000e+00     5.7221132e-02
2.3930000e+00     5.7084395e-02
2.3940000e+00     5.6947926e-02
2.3950000e+00     5.6811728e-02
2.3960000e+00     5.6675798e-02
2.3970000e+00     5.6540137e-02
2.3980000e+00     5.6404745e-02
2.3990000e+00     5.6269620e-02
2.4000000e+00     5.6134763e-02
2.4010000e+00     5.6000173e-02
2.4020000e+00     5.5865850e-02
2.4030000e+00     5.5731793e-02
2.4040000e+00     5.5598003e-02
2.4050000e+00     5.5464478e-02
2.4060000e+00     5.5331218e-02
2.4070000e+00     5.5198224e-02
2.4080000e+00     5.5065494e-02
2.4090000e+00     5.4933028e-02
2.4100000e+00     5.4800827e-02
2.4110000e+00     5.4668888e-02
2.4120000e+00     5.4537213e-02
2.4130000e+00     5.4405801e-02
2.4140000e+00     5.4274651e-02
2.4150000e+00     5.4143763e-02
2.4160000e+00     5.4013136e-02
2.4170000e+00     5.3882771e-02
2.4180000e+00     5.3752667e-02
2.4190000e+00     5.3622823e-02
2.4200000e+00     5.3493239e-02
2.4210000e+00     5.3363916e-02
2.4220000e+00     5.3234851e-02
2.4230000e+00     5.3106046e-02
2.4240000e+00     5.2977499e-02
2.4250000e+00     5.2849211e-02
2.4260000e+00     5.2721180e-02
2.4270000e+00     5.2593407e-02
2.4280000e+00     5.2465892e-02
2.4290000e+00     5.2338633e-02
2.4300000e+00     5.2211631e-02
2.4310000e+00     5.2084884e-02
2.4320000e+00     5.1958394e-02
2.4330000e+00     5.1832159e-02
2.4340000e+00     5.1706178e-02
2.4350000e+00     5.1580453e-02
2.4360000e+00     5.1454981e-02
2.4370000e+00     5.1329764e-02
2.4380000e+00     5.1204800e-02
2.4390000e+00     5.1080089e-02
2.4400000e+00     5.0955631e-02
2.4410000e+00     5.0831426e-02
2.4420000e+00     5.0707472e-02
2.4430000e+00     5.0583770e-02
2.4440000e+00     5.0460320e-02
2.4450000e+00     5.0337120e-02
2.4460000e+00     5.0214171e-02
2.4470000e+00     5.0091472e-02
2.4480000e+00     4.9969023e-02
2.4490000e+00     4.9846824e-02
2.4500000e+00     4.9724873e-02
2.4510000e+00     4.9603172e-02
2.4520000e+00     4.9481719e-02
2.4530000e+00     4.9360513e-02
2.4540000e+00     4.9239556e-02
2.4550000e+00     4.9118845e-02
2.4560000e+00     4.8998382e-02
2.4570000e+00     4.8878165e-02
2.4580000e+00     4.8758195e-02
2.4590000e+00     4.8638470e-02
2.4600000e+00     4.8518991e-02
2.4610000e+00     4.8399756e-02
2.4620000e+00     4.8280767e-02
2.4630000e+00     4.8162022e-02
2.4640000e+00     4.8043521e-02
2.4650000e+00     4.7925263e-02
2.4660000e+00     4.7807249e-02
2.4670000e+00     4.7689478e-02
2.4680000e+00     4.7571949e-02
2.4690000e+00     4.7454662e-02
2.4700000e+00     4.7337618e-02
2.4710000e+00     4.7220814e-02
2.4720000e+00     4.7104252e-02
2.4730000e+00     4.6987931e-02
2.4740000e+00     4.6871850e-02
2.4750000e+00     4.6756009e-02
2.4760000e+00     4.6640407e-02
2.4770000e+00     4.6525045e-02
2.4780000e+00     4.6409922e-02
2.4790000e+00     4.6295038e-02
2.4800000e+00     4.6180391e-02
2.4810000e+00     4.6065983e-02
2.4820000e+00     4.5951812e-02
2.4830000e+00     4.5837878e-02
2.4840000e+00     4.5724181e-02
2.4850000e+00     4.5610720e-02
2.4860000e+00     4.5497495e-02
2.4870000e+00     4.5384506e-02
2.4880000e+00     4.5271753e-02
2.4890000e+00     4.5159234e-02
2.4900000e+00     4.5046950e-02
2.4910000e+00     4.4934900e-02
2.4920000e+00     4.4823084e-02
2.4930000e+00     4.4711502e-02
2.4940000e+00     4.4600153e-02
2.4950000e+00     4.4489036e-02
2.4960000e+00     4.4378152e-02
2.4970000e+00     4.4267500e-02
2.4980000e+00     4.4157080e-02
2.4990000e+00     4.4046891e-02
2.5000000e+00     4.3936934e-02
2.5010000e+00     4.3827207e-02
2.5020000e+00     4.3717710e-02
2.5030000e+00     4.3608443e-02
2.5040000e+00     4.3499406e-02
2.5050000e+00     4.3390598e-02
2.5060000e+00     4.3282019e-02
2.5070000e+00     4.3173668e-02
2.5080000e+00     4.3065546e-02
2.5090000e+00     4.2957651e-02
2.5100000e+00     4.2849984e-02
2.5110000e+00     4.2742544e-02
2.5120000e+00     4.2635331e-02
2.5130000e+00     4.2528344e-02
2.5140000e+00     4.2421584e-02
2.5150000e+00     4.2315048e-02
2.5160000e+00     4.2208739e-02
2.5170000e+00     4.2102654e-02
2.5180000e+00     4.1996794e-02
2.5190000e+00     4.1891158e-02
2.5200000e+00     4.1785746e-02
2.5210000e+00     4.1680558e-02
2.5220000e+00     4.1575593e-02
2.5230000e+00     4.1470850e-02
2.5240000e+00     4.1366331e-02
2.5250000e+00     4.1262033e-02
2.5260000e+00     4.1157957e-02
2.5270000e+00     4.1054103e-02
2.5280000e+00     4.0950470e-02
2.5290000e+00     4.0847057e-02
2.5300000e+00     4.0743865e-02
2.5310000e+00     4.0640893e-02
2.5320000e+00     4.0538141e-02
2.5330000e+00     4.0435608e-02
2.5340000e+00     4.0333294e-02
2.5350000e+00     4.0231199e-02
2.5360000e+00     4.0129322e-02
2.5370000e+00     4.0027663e-02
2.5380000e+00     3.9926221e-02
2.5390000e+00     3.9824997e-02
2.5400000e+00     3.9723990e-02
2.5410000e+00     3.9623199e-02
2.5420000e+00     3.9522624e-02
2.5430000e+00     3.9422266e-02
2.5440000e+00     3.9322123e-02
2.5450000e+00     3.9222195e-02
2.5460000e+00     3.9122482e-02
2.5470000e+00     3.9022983e-02
2.5480000e+00     3.8923698e-02
2.5490000e+00     3.8824628e-02
2.5500000e+00     3.8725770e-02
2.5510000e+00     3.8627126e-02
2.5520000e+00     3.8528695e-02
2.5530000e+00     3.8430476e-02
2.5540000e+00     3.8332469e-02
2.5550000e+00     3.8234673e-02
2.5560000e+00     3.8137089e-02
2.5570000e+00     3.8039716e-02
2.5580000e+00     3.7942554e-02
2.5590000e+00     3.7845602e-02
2.5600000e+00     3.7748860e-02
2.5610000e+00     3.7652328e-02
2.5620000e+00     3.7556005e-02
2.5630000e+00     3.7459891e-02
2.5640000e+00     3.7363985e-02
2.5650000e+00     3.7268288e-02
2.5660000e+00     3.7172799e-02
2.5670000e+00     3.7077517e-02
2.5680000e+00     3.6982443e-02
2.5690000e+00     3.6887575e-02
2.5700000e+00     3.6792914e-02
2.5710000e+00     3.6698460e-02
2.5720000e+00     3.6604211e-02
2.5730000e+00     3.6510167e-02
2.5740000e+00     3.6416329e-02
2.5750000e+00     3.6322696e-02
2.5760000e+00     3.6229267e-02
2.5770000e+00     3.6136043e-02
2.5780000e+00     3.6043022e-02
2.5790000e+00     3.5950205e-02
2.5800000e+00     3.5857591e-02
2.5810000e+00     3.5765179e-02
2.5820000e+00     3.5672971e-02
2.5830000e+00     3.5580964e-02
2.5840000e+00     3.5489159e-02
2.5850000e+00     3.5397556e-02
2.5860000e+00     3.5306154e-02
2.5870000e+00     3.5214952e-02
2.5880000e+00     3.5123952e-02
2.5890000e+00     3.5033151e-02
2.5900000e+00     3.4942550e-02
2.5910000e+00     3.4852148e-02
2.5920000e+00     3.4761946e-02
2.5930000e+00     3.4671942e-02
2.5940000e+00     3.4582137e-02
2.5950000e+00     3.4492530e-02
2.5960000e+00     3.4403121e-02
2.5970000e+00     3.4313909e-02
2.5980000e+00     3.4224894e-02
2.5990000e+00     3.4136076e-02
2.6000000e+00     3.4047455e-02
2.6010000e+00     3.3959029e-02
2.6020000e+00     3.3870800e-02
2.6030000e+00     3.3782766e-02
2.6040000e+00     3.3694927e-02
2.6050000e+00     3.3607282e-02
2.6060000e+00     3.3519833e-02
2.6070000e+00     3.3432577e-02
2.6080000e+00     3.3345515e-02
2.6090000e+00     3.3258647e-02
2.6100000e+00     3.3171971e-02
2.6110000e+00     3.3085489e-02
2.6120000e+00     3.2999199e-02
2.6130000e+00     3.2913101e-02
2.6140000e+00     3.2827195e-02
2.6150000e+00     3.2741480e-02
2.6160000e+00     3.2655957e-02
2.6170000e+00     3.2570624e-02
2.6180000e+00     3.2485482e-02
2.6190000e+00     3.2400530e-02
2.6200000e+00     3.2315768e-02
2.6210000e+00     3.2231195e-02
2.6220000e+00     3.2146812e-02
2.6230000e+00     3.2062617e-02
2.6240000e+00     3.1978611e-02
2.6250000e+00     3.1894793e-02
2.6260000e+00     3.1811163e-02
2.6270000e+00     3.1727721e-02
2.6280000e+00     3.1644466e-02
2.6290000e+00     3.1561398e-02
2.6300000e+00     3.1478516e-02
2.6310000e+00     3.1395821e-02
2.6320000e+00     3.1313311e-02
2.6330000e+00     3.1230987e-02
2.6340000e+00     3.1148849e-02
2.6350000e+00     3.1066895e-02
2.6360000e+00     3.0985126e-02
2.6370000e+00     3.0903541e-02
2.6380000e+00     3.0822140e-02
2.6390000e+00     3.0740923e-02
2.6400000e+00     3.0659890e-02
2.6410000e+00     3.0579039e-02
2.6420000e+00     3.0498371e-02
2.6430000e+00     3.0417886e-02
2.6440000e+00     3.0337582e-02
2.6450000e+00     3.0257460e-02
2.6460000e+00     3.0177520e-02
2.6470000e+00     3.0097761e-02
2.6480000e+00     3.0018182e-02
2.6490000e+00     2.9938784e-02
2.6500000e+00     2.9859567e-02
2.6510000e+00     2.9780529e-02
2.6520000e+00     2.9701670e-02
2.6530000e+00     2.9622991e-02
2.6540000e+00     2.9544490e-02
2.6550000e+00     2.9466169e-02
2.6560000e+00     2.9388025e-02
2.6570000e+00     2.9310059e-02
2.6580000e+00     2.9232271e-02
2.6590000e+00     2.9154660e-02
2.6600000e+00     2.9077227e-02
2.6610000e+00     2.8999970e-02
2.6620000e+00     2.8922889e-02
2.6630000e+00     2.8845984e-02
2.6640000e+00     2.8769255e-02
2.6650000e+00     2.8692701e-02
2.6660000e+00     2.8616323e-02
2.6670000e+00     2.8540119e-02
2.6680000e+00     2.8464090e-02
2.6690000e+00     2.8388234e-02
2.6700000e+00     2.8312553e-02
2.6710000e+00     2.8237045e-02
2.6720000e+00     2.8161711e-02
2.6730000e+00     2.8086549e-02
2.6740000e+00     2.8011560e-02
2.6750000e+00     2.7936743e-02
2.6760000e+00     2.7862098e-02
2.6770000e+00     2.7787625e-02
2.6780000e+00     2.7713323e-02
2.6790000e+00     2.7639192e-02
2.6800000e+00     2.7565232e-02
2.6810000e+00     2.7491443e-02
2.6820000e+00     2.7417823e-02
2.6830000e+00     2.7344373e-02
2.6840000e+00     2.7271093e-02
2.6850000e+00     2.7197982e-02
2.6860000e+00     2.7125040e-02
2.6870000e+00     2.7052266e-02
2.6880000e+00     2.6979661e-02
2.6890000e+00     2.6907223e-02
2.6900000e+00     2.6834954e-02
2.6910000e+00     2.6762851e-02
2.6920000e+00     2.6690916e-02
2.6930000e+00     2.6619147e-02
2.6940000e+00     2.6547545e-02
2.6950000e+00     2.6476109e-02
2.6960000e+00     2.6404839e-02
2.6970000e+00     2.6333734e-02
2.6980000e+00     2.6262794e-02
2.6990000e+00     2.6192020e-02
2.7000000e+00     2.6121410e-02
2.7010000e+00     2.6050964e-02
2.7020000e+00     2.5980682e-02
2.7030000e+00     2.5910564e-02
2.7040000e+00     2.5840610e-02
2.7050000e+00     2.5770818e-02
2.7060000e+00     2.5701190e-02
2.7070000e+00     2.5631723e-02
2.7080000e+00     2.5562419e-02
2.7090000e+00     2.5493277e-02
2.7100000e+00     2.5424297e-02
2.7110000e+00     2.5355477e-02
2.7120000e+00     2.5286819e-02
2.7130000e+00     2.5218322e-02
2.7140000e+00     2.5149984e-02
2.7150000e+00     2.5081807e-02
2.7160000e+00     2.5013790e-02
2.7170000e+00     2.4945932e-02
2.7180000e+00     2.4878234e-02
2.7190000e+00     2.4810694e-02
2.7200000e+00     2.4743313e-02
2.7210000e+00     2.4676091e-02
2.7220000e+00     2.4609026e-02
2.7230000e+00     2.4542119e-02
2.7240000e+00     2.4475369e-02
2.7250000e+00     2.4408777e-02
2.7260000e+00     2.4342341e-02
2.7270000e+00     2.4276062e-02
2.7280000e+00     2.4209940e-02
2.7290000e+00     2.4143973e-02
2.7300000e+00     2.4078162e-02
2.7310000e+00     2.4012506e-02
2.7320000e+00     2.3947005e-02
2.7330000e+00     2.3881659e-02
2.7340000e+00     2.3816468e-02
2.7350000e+00     2.3751431e-02
2.7360000e+00     2.3686548e-02
2.7370000e+00     2.3621818e-02
2.7380000e+00     2.3557242e-02
2.7390000e+00     2.3492819e-02
2.7400000e+00     2.3428548e-02
2.7410000e+00     2.3364430e-02
2.7420000e+00     2.3300464e-02
2.7430000e+00     2.3236650e-02
2.7440000e+00     2.3172988e-02
2.7450000e+00     2.3109477e-02
2.7460000e+00     2.3046117e-02
2.7470000e+00     2.2982907e-02
2.7480000e+00     2.2919848e-02
2.7490000e+00     2.2856940e-02
2.7500000e+00     2.2794181e-02
2.7510000e+00     2.2731572e-02
2.7520000e+00     2.2669112e-02
2.7530000e+00     2.2606801e-02
2.7540000e+00     2.2544639e-02
2.7550000e+00     2.2482625e-02
2.7560000e+00     2.2420759e-02
2.7570000e+00     2.2359041e-02
2.7580000e+00     2.2297471e-02
2.7590000e+00     2.2236049e-02
2.7600000e+00     2.2174773e-02
2.7610000e+00     2.2113644e-02
2.7620000e+00     2.2052661e-02
2.7630000e+00     2.1991825e-02
2.7640000e+00     2.1931134e-02
2.7650000e+00     2.1870589e-02
2.7660000e+00     2.1810190e-02
2.7670000e+00     2.1749935e-02
2.7680000e+00     2.1689825e-02
2.7690000e+00     2.1629860e-02
2.7700000e+00     2.1570039e-02
2.7710000e+00     2.1510362e-02
2.7720000e+00     2.1450829e-02
2.7730000e+00     2.1391439e-02
2.7740000e+00     2.1332192e-02
2.7750000e+00     2.1273088e-02
2.7760000e+00     2.1214126e-02
2.7770000e+00     2.1155307e-02
2.7780000e+00     2.1096629e-02
2.7790000e+00     2.1038094e-02
2.7800000e+00     2.0979699e-02
2.7810000e+00     2.0921446e-02
2.7820000e+00     2.0863334e-02
2.7830000e+00     2.0805363e-02
2.7840000e+00     2.0747532e-02
2.7850000e+00     2.0689840e-02
2.7860000e+00     2.0632289e-02
2.7870000e+00     2.0574877e-02
2.7880000e+00     2.0517605e-02
2.7890000e+00     2.0460471e-02
2.7900000e+00     2.0403476e-02
2.7910000e+00     2.0346619e-02
2.7920000e+00     2.0289901e-02
2.7930000e+00     2.0233321e-02
2.7940000e+00     2.0176878e-02
2.7950000e+00     2.0120572e-02
2.7960000e+00     2.0064404e-02
2.7970000e+00     2.0008372e-02
2.7980000e+00     1.9952477e-02
2.7990000e+00     1.9896718e-02
2.8000000e+00     1.9841095e-02
2.8010000e+00     1.9785607e-02
2.8020000e+00     1.9730256e-02
2.8030000e+00     1.9675039e-02
2.8040000e+00     1.9619957e-02
2.8050000e+00     1.9565010e-02
2.8060000e+00     1.9510198e-02
2.8070000e+00     1.9455519e-02
2.8080000e+00     1.9400974e-02
2.8090000e+00     1.9346563e-02
2.8100000e+00     1.9292285e-02
2.8110000e+00     1.9238140e-02
2.8120000e+00     1.9184128e-02
2.8130000e+00     1.9130249e-02
2.8140000e+00     1.9076501e-02
2.8150000e+00     1.9022886e-02
2.8160000e+00     1.8969402e-02
2.8170000e+00     1.8916050e-02
2.8180000e+00     1.8862829e-02
2.8190000e+00     1.8809739e-02
2.8200000e+00     1.8756780e-02
2.8210000e+00     1.8703951e-02
2.8220000e+00     1.8651252e-02
2.8230000e+00     1.8598683e-02
2.8240000e+00     1.8546244e-02
2.8250000e+00     1.8493934e-02
2.8260000e+00     1.8441753e-02
2.8270000e+00     1.8389701e-02
2.8280000e+00     1.8337778e-02
2.8290000e+00     1.8285982e-02
2.8300000e+00     1.8234315e-02
2.8310000e+00     1.8182776e-02
2.8320000e+00     1.8131364e-02
2.8330000e+00     1.8080080e-02
2.8340000e+00     1.8028923e-02
2.8350000e+00     1.7977892e-02
2.8360000e+00     1.7926988e-02
2.8370000e+00     1.7876210e-02
2.8380000e+00     1.7825558e-02
2.8390000e+00     1.7775032e-02
2.8400000e+00     1.7724631e-02
2.8410000e+00     1.7674356e-02
2.8420000e+00     1.7624206e-02
2.8430000e+00     1.7574180e-02
2.8440000e+00     1.7524279e-02
2.8450000e+00     1.7474502e-02
2.8460000e+00     1.7424849e-02
2.8470000e+00     1.7375319e-02
2.8480000e+00     1.7325914e-02
2.8490000e+00     1.7276631e-02
2.8500000e+00     1.7227471e-02
2.8510000e+00     1.7178434e-02
2.8520000e+00     1.7129520e-02
2.8530000e+00     1.7080727e-02
2.8540000e+00     1.7032057e-02
2.8550000e+00     1.6983508e-02
2.8560000e+00     1.6935081e-02
2.8570000e+00     1.6886775e-02
2.8580000e+00     1.6838590e-02
2.8590000e+00     1.6790526e-02
2.8600000e+00     1.6742582e-02
2.8610000e+00     1.6694758e-02
2.8620000e+00     1.6647054e-02
2.8630000e+00     1.6599470e-02
2.8640000e+00     1.6552006e-02
2.8650000e+00     1.6504660e-02
2.8660000e+00     1.6457434e-02
2.8670000e+00     1.6410326e-02
2.8680000e+00     1.6363337e-02
2.8690000e+00     1.6316466e-02
2.8700000e+00     1.6269713e-02
2.8710000e+00     1.6223078e-02
2.8720000e+00     1.6176560e-02
2.8730000e+00     1.6130159e-02
2.8740000e+00     1.6083876e-02
2.8750000e+00     1.6037709e-02
2.8760000e+00     1.5991659e-02
2.8770000e+00     1.5945725e-02
2.8780000e+00     1.5899907e-02
2.8790000e+00     1.5854205e-02
2.8800000e+00     1.5808619e-02
2.8810000e+00     1.5763148e-02
2.8820000e+00     1.5717791e-02
2.8830000e+00     1.5672550e-02
2.8840000e+00     1.5627423e-02
2.8850000e+00     1.5582411e-02
2.8860000e+00     1.5537513e-02
2.8870000e+00     1.5492728e-02
2.8880000e+00     1.5448058e-02
2.8890000e+00     1.5403500e-02
2.8900000e+00     1.5359056e-02
2.8910000e+00     1.5314725e-02
2.8920000e+00     1.5270506e-02
2.8930000e+00     1.5226400e-02
2.8940000e+00     1.5182406e-02
2.8950000e+00     1.5138524e-02
2.8960000e+00     1.5094754e-02
2.8970000e+00     1.5051095e-02
2.8980000e+00     1.5007548e-02
2.8990000e+00     1.4964112e-02
2.9000000e+00     1.4920786e-02
2.9010000e+00     1.4877571e-02
2.9020000e+00     1.4834466e-02
2.9030000e+00     1.4791472e-02
2.9040000e+00     1.4748587e-02
2.9050000e+00     1.4705812e-02
2.9060000e+00     1.4663146e-02
2.9070000e+00     1.4620590e-02
2.9080000e+00     1.4578142e-02
2.9090000e+00     1.4535803e-02
2.9100000e+00     1.4493573e-02
2.9110000e+00     1.4451450e-02
2.9120000e+00     1.4409436e-02
2.9130000e+00     1.4367530e-02
2.9140000e+00     1.4325731e-02
2.9150000e+00     1.4284039e-02
2.9160000e+00     1.4242455e-02
2.9170000e+00     1.4200977e-02
2.9180000e+00     1.4159606e-02
2.9190000e+00     1.4118342e-02
2.9200000e+00     1.4077183e-02
2.9210000e+00     1.4036131e-02
2.9220000e+00     1.3995184e-02
2.9230000e+00     1.3954343e-02
2.9240000e+00     1.3913607e-02
2.9250000e+00     1.3872976e-02
2.9260000e+00     1.3832450e-02
2.9270000e+00     1.3792028e-02
2.9280000e+00     1.3751711e-02
2.9290000e+00     1.3711498e-02
2.9300000e+00     1.3671389e-02
2.9310000e+00     1.3631384e-02
2.9320000e+00     1.3591482e-02
2.9330000e+00     1.3551683e-02
2.9340000e+00     1.3511988e-02
2.9350000e+00     1.3472395e-02
2.9360000e+00     1.3432905e-02
2.9370000e+00     1.3393517e-02
2.9380000e+00     1.3354231e-02
2.9390000e+00     1.3315047e-02
2.9400000e+00     1.3275965e-02
2.9410000e+00     1.3236985e-02
2.9420000e+00     1.3198105e-02
2.9430000e+00     1.3159327e-02
2.9440000e+00     1.3120649e-02
2.9450000e+00     1.3082072e-02
2.9460000e+00     1.3043596e-02
2.9470000e+00     1.3005220e-02
2.9480000e+00     1.2966943e-02
2.9490000e+00     1.2928766e-02
2.9500000e+00     1.2890689e-02
2.9510000e+00     1.2852711e-02
2.9520000e+00     1.2814832e-02
2.9530000e+00     1.2777052e-02
2.9540000e+00     1.2739371e-02
2.9550000e+00     1.2701788e-02
2.9560000e+00     1.2664303e-02
2.9570000e+00     1.2626917e-02
2.9580000e+00     1.2589628e-02
2.9590000e+00     1.2552436e-02
2.9600000e+00     1.2515342e-02
2.9610000e+00     1.2478345e-02
2.9620000e+00     1.2441446e-02
2.9630000e+00     1.2404642e-02
2.9640000e+00     1.2367936e-02
2.9650000e+00     1.2331325e-02
2.9660000e+00     1.2294811e-02
2.9670000e+00     1.2258392e-02
2.9680000e+00     1.2222069e-02
2.9690000e+00     1.2185842e-02
2.9700000e+00     1.2149710e-02
2.9710000e+00     1.2113673e-02
2.9720000e+00     1.2077730e-02
2.9730000e+00     1.2041882e-02
2.9740000e+00     1.2006129e-02
2.9750000e+00     1.1970470e-02
2.9760000e+00     1.1934905e-02
2.9770000e+00     1.1899433e-02
2.9780000e+00     1.1864055e-02
2.9790000e+00     1.1828771e-02
2.9800000e+00     1.1793580e-02
2.9810000e+00     1.1758481e-02
2.9820000e+00     1.1723475e-02
2.9830000e+00     1.1688562e-02
2.9840000e+00     1.1653741e-02
2.9850000e+00     1.1619013e-02
2.9860000e+00     1.1584376e-02
2.9870000e+00     1.1549831e-02
2.9880000e+00     1.1515377e-02
2.9890000e+00     1.1481015e-02
2.9900000e+00     1.1446743e-02
2.9910000e+00     1.1412563e-02
2.9920000e+00     1.1378473e-02
2.9930000e+00     1.1344474e-02
2.9940000e+00     1.1310565e-02
2.9950000e+00     1.1276747e-02
2.9960000e+00     1.1243018e-02
2.9970000e+00     1.1209378e-02
2.9980000e+00     1.1175829e-02
2.9990000e+00     1.1142368e-02
3.0000000e+00     1.1108997e-02
