1.0000000000e+01  1.2382596146e+14
1.0037500000e+01  1.2448356272e+14
1.0075000000e+01  1.2514116399e+14
1.0112500000e+01  1.2579876525e+14
1.0150000000e+01  1.2645636651e+14
1.0187500000e+01  1.2711396777e+14
1.0225000000e+01  1.2777156903e+14
1.0262500000e+01  1.2842917029e+14
1.0300000000e+01  1.2908677155e+14
1.0337500000e+01  1.2974437281e+14
1.0375000000e+01  1.3040197407e+14
1.0412500000e+01  1.3105957534e+14
1.0450000000e+01  1.3171717660e+14
1.0487500000e+01  1.3237477786e+14
1.0525000000e+01  1.3303237912e+14
1.0562500000e+01  1.3368998038e+14
1.0600000000e+01  1.3434758164e+14
1.0637500000e+01  1.3500518290e+14
1.0675000000e+01  1.3566278416e+14
1.0712500000e+01  1.3632038542e+14
1.0750000000e+01  1.3697798669e+14
1.0787500000e+01  1.3763558795e+14
1.0825000000e+01  1.3829318921e+14
1.0862500000e+01  1.3895079047e+14
1.0900000000e+01  1.3960839173e+14
1.0937500000e+01  1.4026599299e+14
1.0975000000e+01  1.4092359425e+14
1.1012500000e+01  1.4158119551e+14
1.1050000000e+01  1.4223879677e+14
1.1087500000e+01  1.4289639804e+14
1.1125000000e+01  1.4355399930e+14
1.1162500000e+01  1.4421160056e+14
1.1200000000e+01  1.4486920182e+14
1.1237500000e+01  1.4552680308e+14
1.1275000000e+01  1.4618440434e+14
1.1312500000e+01  1.4684200560e+14
1.1350000000e+01  1.4749960686e+14
1.1387500000e+01  1.4815720812e+14
1.1425000000e+01  1.4881480939e+14
1.1462500000e+01  1.4947241065e+14
1.1500000000e+01  1.5013001191e+14
1.1537500000e+01  1.5078761317e+14
1.1575000000e+01  1.5144521443e+14
1.1612500000e+01  1.5210281569e+14
1.1650000000e+01  1.5276041695e+14
1.1687500000e+01  1.5341801821e+14
1.1725000000e+01  1.5407561947e+14
1.1762500000e+01  1.5473322074e+14
1.1800000000e+01  1.5539082200e+14
1.1837500000e+01  1.5604842326e+14
1.1875000000e+01  1.5670602452e+14
1.1912500000e+01  1.5736362578e+14
1.1950000000e+01  1.5802122704e+14
1.1987500000e+01  1.5867882830e+14
1.2025000000e+01  1.5933642956e+14
1.2062500000e+01  1.5999403082e+14
1.2100000000e+01  1.6065163209e+14
1.2137500000e+01  1.6130923335e+14
1.2175000000e+01  1.6196683461e+14
1.2212500000e+01  1.6262443587e+14
1.2250000000e+01  1.6328203713e+14
1.2287500000e+01  1.6393963839e+14
1.2325000000e+01  1.6459723965e+14
1.2362500000e+01  1.6525484091e+14
1.2400000000e+01  1.6591244217e+14
1.2437500000e+01  1.6657004344e+14
1.2475000000e+01  1.6722764470e+14
1.2512500000e+01  1.6788524596e+14
1.2550000000e+01  1.6854284722e+14
1.2587500000e+01  1.6920044848e+14
1.2625000000e+01  1.6985804974e+14
1.2662500000e+01  1.7051565100e+14
1.2700000000e+01  1.7117325226e+14
1.2737500000e+01  1.7183085352e+14
1.2775000000e+01  1.7248845479e+14
1.2812500000e+01  1.7314605605e+14
1.2850000000e+01  1.7380365731e+14
1.2887500000e+01  1.7446125857e+14
1.2925000000e+01  1.7511885983e+14
1.2962500000e+01  1.7577646109e+14
1.3000000000e+01  1.7643406235e+14
1.3037500000e+01  1.7709166361e+14
1.3075000000e+01  1.7774926487e+14
1.3112500000e+01  1.7840686614e+14
1.3150000000e+01  1.7906446740e+14
1.3187500000e+01  1.7972206866e+14
1.3225000000e+01  1.8037966992e+14
1.3262500000e+01  1.8103727118e+14
1.3300000000e+01  1.8169487244e+14
1.3337500000e+01  1.8235247370e+14
1.3375000000e+01  1.8301007496e+14
1.3412500000e+01  1.8366767622e+14
1.3450000000e+01  1.8432527749e+14
1.3487500000e+01  1.8498287875e+14
1.3525000000e+01  1.8564048001e+14
1.3562500000e+01  1.8629808127e+14
1.3600000000e+01  1.8695568253e+14
1.3637500000e+01  1.8761328379e+14
1.3675000000e+01  1.8827088505e+14
1.3712500000e+01  1.8892848631e+14
1.3750000000e+01  1.8958608757e+14
1.3787500000e+01  1.9024368884e+14
1.3825000000e+01  1.9090129010e+14
1.3862500000e+01  1.9155889136e+14
1.3900000000e+01  1.9221649262e+14
1.3937500000e+01  1.9287409388e+14
1.3975000000e+01  1.9353169514e+14
1.4012500000e+01  1.9418929640e+14
1.4050000000e+01  1.9484689766e+14
1.4087500000e+01  1.9550449892e+14
1.4125000000e+01  1.9616210019e+14
1.4162500000e+01  1.9681970145e+14
1.4200000000e+01  1.9747730271e+14
1.4237500000e+01  1.9813490397e+14
1.4275000000e+01  1.9879250523e+14
1.4312500000e+01  1.9945010649e+14
1.4350000000e+01  2.0010770775e+14
1.4387500000e+01  2.0076530901e+14
1.4425000000e+01  2.0142291027e+14
1.4462500000e+01  2.0208051154e+14
1.4500000000e+01  2.0273811280e+14
1.4537500000e+01  2.0339571406e+14
1.4575000000e+01  2.0405331532e+14
1.4612500000e+01  2.0471091658e+14
1.4650000000e+01  2.0536851784e+14
1.4687500000e+01  2.0602611910e+14
1.4725000000e+01  2.0668372036e+14
1.4762500000e+01  2.0734132162e+14
1.4800000000e+01  2.0799892289e+14
1.4837500000e+01  2.0865652415e+14
1.4875000000e+01  2.0931412541e+14
1.4912500000e+01  2.0997172667e+14
1.4950000000e+01  2.1062932793e+14
1.4987500000e+01  2.1128692919e+14
1.5025000000e+01  2.1194453045e+14
1.5062500000e+01  2.1260213171e+14
1.5100000000e+01  2.1325973297e+14
1.5137500000e+01  2.1391733424e+14
1.5175000000e+01  2.1457493550e+14
1.5212500000e+01  2.1523253676e+14
1.5250000000e+01  2.1589013802e+14
1.5287500000e+01  2.1654773928e+14
1.5325000000e+01  2.1720534054e+14
1.5362500000e+01  2.1786294180e+14
1.5400000000e+01  2.1852054306e+14
1.5437500000e+01  2.1917814432e+14
1.5475000000e+01  2.1983574559e+14
1.5512500000e+01  2.2049334685e+14
1.5550000000e+01  2.2115094811e+14
1.5587500000e+01  2.2180854937e+14
1.5625000000e+01  2.2246615063e+14
1.5662500000e+01  2.2312375189e+14
1.5700000000e+01  2.2378135315e+14
1.5737500000e+01  2.2443895441e+14
1.5775000000e+01  2.2509655567e+14
1.5812500000e+01  2.2575415694e+14
1.5850000000e+01  2.2641175820e+14
1.5887500000e+01  2.2706935946e+14
1.5925000000e+01  2.2772696072e+14
1.5962500000e+01  2.2838456198e+14
1.6000000000e+01  2.2904216324e+14
1.6037500000e+01  2.2969976450e+14
1.6075000000e+01  2.3035736576e+14
1.6112500000e+01  2.3101496702e+14
1.6150000000e+01  2.3167256829e+14
1.6187500000e+01  2.3233016955e+14
1.6225000000e+01  2.3298777081e+14
1.6262500000e+01  2.3364537207e+14
1.6300000000e+01  2.3430297333e+14
1.6337500000e+01  2.3496057459e+14
1.6375000000e+01  2.3561817585e+14
1.6412500000e+01  2.3627577711e+14
1.6450000000e+01  2.3693337837e+14
1.6487500000e+01  2.3759097964e+14
1.6525000000e+01  2.3824858090e+14
1.6562500000e+01  2.3890618216e+14
1.6600000000e+01  2.3956378342e+14
1.6637500000e+01  2.4022138468e+14
1.6675000000e+01  2.4087898594e+14
1.6712500000e+01  2.4153658720e+14
1.6750000000e+01  2.4219418846e+14
1.6787500000e+01  2.4285178972e+14
1.6825000000e+01  2.4350939099e+14
1.6862500000e+01  2.4416699225e+14
1.6900000000e+01  2.4482459351e+14
1.6937500000e+01  2.4548219477e+14
1.6975000000e+01  2.4613979603e+14
1.7012500000e+01  2.4679739729e+14
1.7050000000e+01  2.4745499855e+14
1.7087500000e+01  2.4811259981e+14
1.7125000000e+01  2.4877020107e+14
1.7162500000e+01  2.4942780234e+14
1.7200000000e+01  2.5008540360e+14
1.7237500000e+01  2.5074300486e+14
1.7275000000e+01  2.5140060612e+14
1.7312500000e+01  2.5205820738e+14
1.7350000000e+01  2.5271580864e+14
1.7387500000e+01  2.5337340990e+14
1.7425000000e+01  2.5403101116e+14
1.7462500000e+01  2.5468861242e+14
1.7500000000e+01  2.5534621369e+14
1.7537500000e+01  2.5600381495e+14
1.7575000000e+01  2.5666141621e+14
1.7612500000e+01  2.5731901747e+14
1.7650000000e+01  2.5797661873e+14
1.7687500000e+01  2.5863421999e+14
1.7725000000e+01  2.5929182125e+14
1.7762500000e+01  2.5994942251e+14
1.7800000000e+01  2.6060702377e+14
1.7837500000e+01  2.6126462504e+14
1.7875000000e+01  2.6192222630e+14
1.7912500000e+01  2.6257982756e+14
1.7950000000e+01  2.6323742882e+14
1.7987500000e+01  2.6389503008e+14
1.8025000000e+01  2.6455263134e+14
1.8062500000e+01  2.6521023260e+14
1.8100000000e+01  2.6586783386e+14
1.8137500000e+01  2.6652543512e+14
1.8175000000e+01  2.6718303639e+14
1.8212500000e+01  2.6784063765e+14
1.8250000000e+01  2.6849823891e+14
1.8287500000e+01  2.6915584017e+14
1.8325000000e+01  2.6981344143e+14
1.8362500000e+01  2.7047104269e+14
1.8400000000e+01  2.7112864395e+14
1.8437500000e+01  2.7178624521e+14
1.8475000000e+01  2.7244384647e+14
1.8512500000e+01  2.7310144774e+14
1.8550000000e+01  2.7375904900e+14
1.8587500000e+01  2.7441665026e+14
1.8625000000e+01  2.7507425152e+14
1.8662500000e+01  2.7573185278e+14
1.8700000000e+01  2.7638945404e+14
1.8737500000e+01  2.7704705530e+14
1.8775000000e+01  2.7770465656e+14
1.8812500000e+01  2.7836225783e+14
1.8850000000e+01  2.7901985909e+14
1.8887500000e+01  2.7967746035e+14
1.8925000000e+01  2.8033506161e+14
1.8962500000e+01  2.8099266287e+14
1.9000000000e+01  2.8165026413e+14
1.9037500000e+01  2.8230786539e+14
1.9075000000e+01  2.8296546665e+14
1.9112500000e+01  2.8362306791e+14
1.9150000000e+01  2.8428066918e+14
1.9187500000e+01  2.8493827044e+14
1.9225000000e+01  2.8559587170e+14
1.9262500000e+01  2.8625347296e+14
1.9300000000e+01  2.8691107422e+14
1.9337500000e+01  2.8756867548e+14
1.9375000000e+01  2.8822627674e+14
1.9412500000e+01  2.8888387800e+14
1.9450000000e+01  2.8954147926e+14
1.9487500000e+01  2.9019908053e+14
1.9525000000e+01  2.9085668179e+14
1.9562500000e+01  2.9151428305e+14
1.9600000000e+01  2.9217188431e+14
1.9637500000e+01  2.9282948557e+14
1.9675000000e+01  2.9348708683e+14
1.9712500000e+01  2.9414468809e+14
1.9750000000e+01  2.9480228935e+14
1.9787500000e+01  2.9545989061e+14
1.9825000000e+01  2.9611749188e+14
1.9862500000e+01  2.9677509314e+14
1.9900000000e+01  2.9743269440e+14
1.9937500000e+01  2.9809029566e+14
1.9975000000e+01  2.9874789692e+14
2.0012500000e+01  2.9940549818e+14
2.0050000000e+01  3.0006309944e+14
2.0087500000e+01  3.0072070070e+14
2.0125000000e+01  3.0137830196e+14
2.0162500000e+01  3.0203590323e+14
2.0200000000e+01  3.0269350449e+14
2.0237500000e+01  3.0335110575e+14
2.0275000000e+01  3.0400870701e+14
2.0312500000e+01  3.0466630827e+14
2.0350000000e+01  3.0532390953e+14
2.0387500000e+01  3.0598151079e+14
2.0425000000e+01  3.0663911205e+14
2.0462500000e+01  3.0729671331e+14
2.0500000000e+01  3.0795431458e+14
2.0537500000e+01  3.0861191584e+14
2.0575000000e+01  3.0926951710e+14
2.0612500000e+01  3.0992711836e+14
2.0650000000e+01  3.1058471962e+14
2.0687500000e+01  3.1124232088e+14
2.0725000000e+01  3.1189992214e+14
2.0762500000e+01  3.1255752340e+14
2.0800000000e+01  3.1321512466e+14
2.0837500000e+01  3.1387272593e+14
2.0875000000e+01  3.1453032719e+14
2.0912500000e+01  3.1518792845e+14
2.0950000000e+01  3.1584552971e+14
2.0987500000e+01  3.1650313097e+14
2.1025000000e+01  3.1716073223e+14
2.1062500000e+01  3.1781833349e+14
2.1100000000e+01  3.1847593475e+14
2.1137500000e+01  3.1913353601e+14
2.1175000000e+01  3.1979113728e+14
2.1212500000e+01  3.2044873854e+14
2.1250000000e+01  3.2110633980e+14
2.1287500000e+01  3.2176394106e+14
2.1325000000e+01  3.2242154232e+14
2.1362500000e+01  3.2307914358e+14
2.1400000000e+01  3.2373674484e+14
2.1437500000e+01  3.2439434610e+14
2.1475000000e+01  3.2505194736e+14
2.1512500000e+01  3.2570954863e+14
2.1550000000e+01  3.2636714989e+14
2.1587500000e+01  3.2702475115e+14
2.1625000000e+01  3.2768235241e+14
2.1662500000e+01  3.2833995367e+14
2.1700000000e+01  3.2899755493e+14
2.1737500000e+01  3.2965515619e+14
2.1775000000e+01  3.3031275745e+14
2.1812500000e+01  3.3097035871e+14
2.1850000000e+01  3.3162795998e+14
2.1887500000e+01  3.3228556124e+14
2.1925000000e+01  3.3294316250e+14
2.1962500000e+01  3.3360076376e+14
2.2000000000e+01  3.3425836502e+14
2.2037500000e+01  3.3491596628e+14
2.2075000000e+01  3.3557356754e+14
2.2112500000e+01  3.3623116880e+14
2.2150000000e+01  3.3688877006e+14
2.2187500000e+01  3.3754637133e+14
2.2225000000e+01  3.3820397259e+14
2.2262500000e+01  3.3886157385e+14
2.2300000000e+01  3.3951917511e+14
2.2337500000e+01  3.4017677637e+14
2.2375000000e+01  3.4083437763e+14
2.2412500000e+01  3.4149197889e+14
2.2450000000e+01  3.4214958015e+14
2.2487500000e+01  3.4280718141e+14
2.2525000000e+01  3.4346478268e+14
2.2562500000e+01  3.4412238394e+14
2.2600000000e+01  3.4477998520e+14
2.2637500000e+01  3.4543758646e+14
2.2675000000e+01  3.4609518772e+14
2.2712500000e+01  3.4675278898e+14
2.2750000000e+01  3.4741039024e+14
2.2787500000e+01  3.4806799150e+14
2.2825000000e+01  3.4872559276e+14
2.2862500000e+01  3.4938319403e+14
2.2900000000e+01  3.5004079529e+14
2.2937500000e+01  3.5069839655e+14
2.2975000000e+01  3.5135599781e+14
2.3012500000e+01  3.5201359907e+14
2.3050000000e+01  3.5267120033e+14
2.3087500000e+01  3.5332880159e+14
2.3125000000e+01  3.5398640285e+14
2.3162500000e+01  3.5464400411e+14
2.3200000000e+01  3.5530160538e+14
2.3237500000e+01  3.5595920664e+14
2.3275000000e+01  3.5661680790e+14
2.3312500000e+01  3.5727440916e+14
2.3350000000e+01  3.5793201042e+14
2.3387500000e+01  3.5858961168e+14
2.3425000000e+01  3.5924721294e+14
2.3462500000e+01  3.5990481420e+14
2.3500000000e+01  3.6056241546e+14
2.3537500000e+01  3.6122001673e+14
2.3575000000e+01  3.6187761799e+14
2.3612500000e+01  3.6253521925e+14
2.3650000000e+01  3.6319282051e+14
2.3687500000e+01  3.6385042177e+14
2.3725000000e+01  3.6450802303e+14
2.3762500000e+01  3.6516562429e+14
2.3800000000e+01  3.6582322555e+14
2.3837500000e+01  3.6648082681e+14
2.3875000000e+01  3.6713842808e+14
2.3912500000e+01  3.6779602934e+14
2.3950000000e+01  3.6845363060e+14
2.3987500000e+01  3.6911123186e+14
2.4025000000e+01  3.6976883312e+14
2.4062500000e+01  3.7042643438e+14
2.4100000000e+01  3.7108403564e+14
2.4137500000e+01  3.7174163690e+14
2.4175000000e+01  3.7239923816e+14
2.4212500000e+01  3.7305683943e+14
2.4250000000e+01  3.7371444069e+14
2.4287500000e+01  3.7437204195e+14
2.4325000000e+01  3.7502964321e+14
2.4362500000e+01  3.7568724447e+14
2.4400000000e+01  3.7634484573e+14
2.4437500000e+01  3.7700244699e+14
2.4475000000e+01  3.7766004825e+14
2.4512500000e+01  3.7831764951e+14
2.4550000000e+01  3.7897525078e+14
2.4587500000e+01  3.7963285204e+14
2.4625000000e+01  3.8029045330e+14
2.4662500000e+01  3.8094805456e+14
2.4700000000e+01  3.8160565582e+14
2.4737500000e+01  3.8226325708e+14
2.4775000000e+01  3.8292085834e+14
2.4812500000e+01  3.8357845960e+14
2.4850000000e+01  3.8423606086e+14
2.4887500000e+01  3.8489366213e+14
2.4925000000e+01  3.8555126339e+14
2.4962500000e+01  3.8620886465e+14
2.5000000000e+01  3.8686646591e+14
2.5037500000e+01  3.8752406717e+14
2.5075000000e+01  3.8818166843e+14
2.5112500000e+01  3.8883926969e+14
2.5150000000e+01  3.8949687095e+14
2.5187500000e+01  3.9015447221e+14
2.5225000000e+01  3.9081207348e+14
2.5262500000e+01  3.9146967474e+14
2.5300000000e+01  3.9212727600e+14
2.5337500000e+01  3.9278487726e+14
2.5375000000e+01  3.9344247852e+14
2.5412500000e+01  3.9410007978e+14
2.5450000000e+01  3.9475768104e+14
2.5487500000e+01  3.9541528230e+14
2.5525000000e+01  3.9607288356e+14
2.5562500000e+01  3.9673048483e+14
2.5600000000e+01  3.9738808609e+14
2.5637500000e+01  3.9804568735e+14
2.5675000000e+01  3.9870328861e+14
2.5712500000e+01  3.9936088987e+14
2.5750000000e+01  4.0001849113e+14
2.5787500000e+01  4.0067609239e+14
2.5825000000e+01  4.0133369365e+14
2.5862500000e+01  4.0199129491e+14
2.5900000000e+01  4.0264889618e+14
2.5937500000e+01  4.0330649744e+14
2.5975000000e+01  4.0396409870e+14
2.6012500000e+01  4.0462169996e+14
2.6050000000e+01  4.0527930122e+14
2.6087500000e+01  4.0593690248e+14
2.6125000000e+01  4.0659450374e+14
2.6162500000e+01  4.0725210500e+14
2.6200000000e+01  4.0790970626e+14
2.6237500000e+01  4.0856730753e+14
2.6275000000e+01  4.0922490879e+14
2.6312500000e+01  4.0988251005e+14
2.6350000000e+01  4.1054011131e+14
2.6387500000e+01  4.1119771257e+14
2.6425000000e+01  4.1185531383e+14
2.6462500000e+01  4.1251291509e+14
2.6500000000e+01  4.1317051635e+14
2.6537500000e+01  4.1382811761e+14
2.6575000000e+01  4.1448571888e+14
2.6612500000e+01  4.1514332014e+14
2.6650000000e+01  4.1580092140e+14
2.6687500000e+01  4.1645852266e+14
2.6725000000e+01  4.1711612392e+14
2.6762500000e+01  4.1777372518e+14
2.6800000000e+01  4.1843132644e+14
2.6837500000e+01  4.1908892770e+14
2.6875000000e+01  4.1974652896e+14
2.6912500000e+01  4.2040413023e+14
2.6950000000e+01  4.2106173149e+14
2.6987500000e+01  4.2171933275e+14
2.7025000000e+01  4.2237693401e+14
2.7062500000e+01  4.2303453527e+14
2.7100000000e+01  4.2369213653e+14
2.7137500000e+01  4.2434973779e+14
2.7175000000e+01  4.2500733905e+14
2.7212500000e+01  4.2566494031e+14
2.7250000000e+01  4.2632254158e+14
2.7287500000e+01  4.2698014284e+14
2.7325000000e+01  4.2763774410e+14
2.7362500000e+01  4.2829534536e+14
2.7400000000e+01  4.2895294662e+14
2.7437500000e+01  4.2961054788e+14
2.7475000000e+01  4.3026814914e+14
2.7512500000e+01  4.3092575040e+14
2.7550000000e+01  4.3158335167e+14
2.7587500000e+01  4.3224095293e+14
2.7625000000e+01  4.3289855419e+14
2.7662500000e+01  4.3355615545e+14
2.7700000000e+01  4.3421375671e+14
2.7737500000e+01  4.3487135797e+14
2.7775000000e+01  4.3552895923e+14
2.7812500000e+01  4.3618656049e+14
2.7850000000e+01  4.3684416175e+14
2.7887500000e+01  4.3750176302e+14
2.7925000000e+01  4.3815936428e+14
2.7962500000e+01  4.3881696554e+14
2.8000000000e+01  4.3947456680e+14
2.8037500000e+01  4.4013216806e+14
2.8075000000e+01  4.4078976932e+14
2.8112500000e+01  4.4144737058e+14
2.8150000000e+01  4.4210497184e+14
2.8187500000e+01  4.4276257310e+14
2.8225000000e+01  4.4342017437e+14
2.8262500000e+01  4.4407777563e+14
2.8300000000e+01  4.4473537689e+14
2.8337500000e+01  4.4539297815e+14
2.8375000000e+01  4.4605057941e+14
2.8412500000e+01  4.4670818067e+14
2.8450000000e+01  4.4736578193e+14
2.8487500000e+01  4.4802338319e+14
2.8525000000e+01  4.4868098445e+14
2.8562500000e+01  4.4933858572e+14
2.8600000000e+01  4.4999618698e+14
2.8637500000e+01  4.5065378824e+14
2.8675000000e+01  4.5131138950e+14
2.8712500000e+01  4.5196899076e+14
2.8750000000e+01  4.5262659202e+14
2.8787500000e+01  4.5328419328e+14
2.8825000000e+01  4.5394179454e+14
2.8862500000e+01  4.5459939580e+14
2.8900000000e+01  4.5525699707e+14
2.8937500000e+01  4.5591459833e+14
2.8975000000e+01  4.5657219959e+14
2.9012500000e+01  4.5722980085e+14
2.9050000000e+01  4.5788740211e+14
2.9087500000e+01  4.5854500337e+14
2.9125000000e+01  4.5920260463e+14
2.9162500000e+01  4.5986020589e+14
2.9200000000e+01  4.6051780715e+14
2.9237500000e+01  4.6117540842e+14
2.9275000000e+01  4.6183300968e+14
2.9312500000e+01  4.6249061094e+14
2.9350000000e+01  4.6314821220e+14
2.9387500000e+01  4.6380581346e+14
2.9425000000e+01  4.6446341472e+14
2.9462500000e+01  4.6512101598e+14
2.9500000000e+01  4.6577861724e+14
2.9537500000e+01  4.6643621850e+14
2.9575000000e+01  4.6709381977e+14
2.9612500000e+01  4.6775142103e+14
2.9650000000e+01  4.6840902229e+14
2.9687500000e+01  4.6906662355e+14
2.9725000000e+01  4.6972422481e+14
2.9762500000e+01  4.7038182607e+14
2.9800000000e+01  4.7103942733e+14
2.9837500000e+01  4.7169702859e+14
2.9875000000e+01  4.7235462985e+14
2.9912500000e+01  4.7301223112e+14
2.9950000000e+01  4.7366983238e+14
2.9987500000e+01  4.7432743364e+14
3.0025000000e+01  4.7498503490e+14
3.0062500000e+01  4.7564263616e+14
3.0100000000e+01  4.7630023742e+14
3.0137500000e+01  4.7695783868e+14
3.0175000000e+01  4.7761543994e+14
3.0212500000e+01  4.7827304120e+14
3.0250000000e+01  4.7893064247e+14
3.0287500000e+01  4.7958824373e+14
3.0325000000e+01  4.8024584499e+14
3.0362500000e+01  4.8090344625e+14
3.0400000000e+01  4.8156104751e+14
3.0437500000e+01  4.8221864877e+14
3.0475000000e+01  4.8287625003e+14
3.0512500000e+01  4.8353385129e+14
3.0550000000e+01  4.8419145255e+14
3.0587500000e+01  4.8484905382e+14
3.0625000000e+01  4.8550665508e+14
3.0662500000e+01  4.8616425634e+14
3.0700000000e+01  4.8682185760e+14
3.0737500000e+01  4.8747945886e+14
3.0775000000e+01  4.8813706012e+14
3.0812500000e+01  4.8879466138e+14
3.0850000000e+01  4.8945226264e+14
3.0887500000e+01  4.9010986390e+14
3.0925000000e+01  4.9076746517e+14
3.0962500000e+01  4.9142506643e+14
3.1000000000e+01  4.9208266769e+14
3.1037500000e+01  4.9274026895e+14
3.1075000000e+01  4.9339787021e+14
3.1112500000e+01  4.9405547147e+14
3.1150000000e+01  4.9471307273e+14
3.1187500000e+01  4.9537067399e+14
3.1225000000e+01  4.9602827525e+14
3.1262500000e+01  4.9668587652e+14
3.1300000000e+01  4.9734347778e+14
3.1337500000e+01  4.9800107904e+14
3.1375000000e+01  4.9865868030e+14
3.1412500000e+01  4.9931628156e+14
3.1450000000e+01  4.9997388282e+14
3.1487500000e+01  5.0063148408e+14
3.1525000000e+01  5.0128908534e+14
3.1562500000e+01  5.0194668660e+14
3.1600000000e+01  5.0260428787e+14
3.1637500000e+01  5.0326188913e+14
3.1675000000e+01  5.0391949039e+14
3.1712500000e+01  5.0457709165e+14
3.1750000000e+01  5.0523469291e+14
3.1787500000e+01  5.0589229417e+14
3.1825000000e+01  5.0654989543e+14
3.1862500000e+01  5.0720749669e+14
3.1900000000e+01  5.0786509795e+14
3.1937500000e+01  5.0852269922e+14
3.1975000000e+01  5.0918030048e+14
3.2012500000e+01  5.0983790174e+14
3.2050000000e+01  5.1049550300e+14
3.2087500000e+01  5.1115310426e+14
3.2125000000e+01  5.1181070552e+14
3.2162500000e+01  5.1246830678e+14
3.2200000000e+01  5.1312590804e+14
3.2237500000e+01  5.1378350930e+14
3.2275000000e+01  5.1444111057e+14
3.2312500000e+01  5.1509871183e+14
3.2350000000e+01  5.1575631309e+14
3.2387500000e+01  5.1641391435e+14
3.2425000000e+01  5.1707151561e+14
3.2462500000e+01  5.1772911687e+14
3.2500000000e+01  5.1838671813e+14
3.2537500000e+01  5.1904431939e+14
3.2575000000e+01  5.1970192065e+14
3.2612500000e+01  5.2035952192e+14
3.2650000000e+01  5.2101712318e+14
3.2687500000e+01  5.2167472444e+14
3.2725000000e+01  5.2233232570e+14
3.2762500000e+01  5.2298992696e+14
3.2800000000e+01  5.2364752822e+14
3.2837500000e+01  5.2430512948e+14
3.2875000000e+01  5.2496273074e+14
3.2912500000e+01  5.2562033200e+14
3.2950000000e+01  5.2627793327e+14
3.2987500000e+01  5.2693553453e+14
3.3025000000e+01  5.2759313579e+14
3.3062500000e+01  5.2825073705e+14
3.3100000000e+01  5.2890833831e+14
3.3137500000e+01  5.2956593957e+14
3.3175000000e+01  5.3022354083e+14
3.3212500000e+01  5.3088114209e+14
3.3250000000e+01  5.3153874335e+14
3.3287500000e+01  5.3219634462e+14
3.3325000000e+01  5.3285394588e+14
3.3362500000e+01  5.3351154714e+14
3.3400000000e+01  5.3416914840e+14
3.3437500000e+01  5.3482674966e+14
3.3475000000e+01  5.3548435092e+14
3.3512500000e+01  5.3614195218e+14
3.3550000000e+01  5.3679955344e+14
3.3587500000e+01  5.3745715470e+14
3.3625000000e+01  5.3811475597e+14
3.3662500000e+01  5.3877235723e+14
3.3700000000e+01  5.3942995849e+14
3.3737500000e+01  5.4008755975e+14
3.3775000000e+01  5.4074516101e+14
3.3812500000e+01  5.4140276227e+14
3.3850000000e+01  5.4206036353e+14
3.3887500000e+01  5.4271796479e+14
3.3925000000e+01  5.4337556605e+14
3.3962500000e+01  5.4403316732e+14
3.4000000000e+01  5.4469076858e+14
3.4037500000e+01  5.4534836984e+14
3.4075000000e+01  5.4600597110e+14
3.4112500000e+01  5.4666357236e+14
3.4150000000e+01  5.4732117362e+14
3.4187500000e+01  5.4797877488e+14
3.4225000000e+01  5.4863637614e+14
3.4262500000e+01  5.4929397740e+14
3.4300000000e+01  5.4995157867e+14
3.4337500000e+01  5.5060917993e+14
3.4375000000e+01  5.5126678119e+14
3.4412500000e+01  5.5192438245e+14
3.4450000000e+01  5.5258198371e+14
3.4487500000e+01  5.5323958497e+14
3.4525000000e+01  5.5389718623e+14
3.4562500000e+01  5.5455478749e+14
3.4600000000e+01  5.5521238875e+14
3.4637500000e+01  5.5586999002e+14
3.4675000000e+01  5.5652759128e+14
3.4712500000e+01  5.5718519254e+14
3.4750000000e+01  5.5784279380e+14
3.4787500000e+01  5.5850039506e+14
3.4825000000e+01  5.5915799632e+14
3.4862500000e+01  5.5981559758e+14
3.4900000000e+01  5.6047319884e+14
3.4937500000e+01  5.6113080010e+14
3.4975000000e+01  5.6178840137e+14
3.5012500000e+01  5.6244600263e+14
3.5050000000e+01  5.6310360389e+14
3.5087500000e+01  5.6376120515e+14
3.5125000000e+01  5.6441880641e+14
3.5162500000e+01  5.6507640767e+14
3.5200000000e+01  5.6573400893e+14
3.5237500000e+01  5.6639161019e+14
3.5275000000e+01  5.6704921145e+14
3.5312500000e+01  5.6770681272e+14
3.5350000000e+01  5.6836441398e+14
3.5387500000e+01  5.6902201524e+14
3.5425000000e+01  5.6967961650e+14
3.5462500000e+01  5.7033721776e+14
3.5500000000e+01  5.7099481902e+14
3.5537500000e+01  5.7165242028e+14
3.5575000000e+01  5.7231002154e+14
3.5612500000e+01  5.7296762280e+14
3.5650000000e+01  5.7362522407e+14
3.5687500000e+01  5.7428282533e+14
3.5725000000e+01  5.7494042659e+14
3.5762500000e+01  5.7559802785e+14
3.5800000000e+01  5.7625562911e+14
3.5837500000e+01  5.7691323037e+14
3.5875000000e+01  5.7757083163e+14
3.5912500000e+01  5.7822843289e+14
3.5950000000e+01  5.7888603416e+14
3.5987500000e+01  5.7954363542e+14
3.6025000000e+01  5.8020123668e+14
3.6062500000e+01  5.8085883794e+14
3.6100000000e+01  5.8151643920e+14
3.6137500000e+01  5.8217404046e+14
3.6175000000e+01  5.8283164172e+14
3.6212500000e+01  5.8348924298e+14
3.6250000000e+01  5.8414684424e+14
3.6287500000e+01  5.8480444551e+14
3.6325000000e+01  5.8546204677e+14
3.6362500000e+01  5.8611964803e+14
3.6400000000e+01  5.8677724929e+14
3.6437500000e+01  5.8743485055e+14
3.6475000000e+01  5.8809245181e+14
3.6512500000e+01  5.8875005307e+14
3.6550000000e+01  5.8940765433e+14
3.6587500000e+01  5.9006525559e+14
3.6625000000e+01  5.9072285686e+14
3.6662500000e+01  5.9138045812e+14
3.6700000000e+01  5.9203805938e+14
3.6737500000e+01  5.9269566064e+14
3.6775000000e+01  5.9335326190e+14
3.6812500000e+01  5.9401086316e+14
3.6850000000e+01  5.9466846442e+14
3.6887500000e+01  5.9532606568e+14
3.6925000000e+01  5.9598366694e+14
3.6962500000e+01  5.9664126821e+14
3.7000000000e+01  5.9729886947e+14
3.7037500000e+01  5.9795647073e+14
3.7075000000e+01  5.9861407199e+14
3.7112500000e+01  5.9927167325e+14
3.7150000000e+01  5.9992927451e+14
3.7187500000e+01  6.0058687577e+14
3.7225000000e+01  6.0124447703e+14
3.7262500000e+01  6.0190207829e+14
3.7300000000e+01  6.0255967956e+14
3.7337500000e+01  6.0321728082e+14
3.7375000000e+01  6.0387488208e+14
3.7412500000e+01  6.0453248334e+14
3.7450000000e+01  6.0519008460e+14
3.7487500000e+01  6.0584768586e+14
3.7525000000e+01  6.0650528712e+14
3.7562500000e+01  6.0716288838e+14
3.7600000000e+01  6.0782048964e+14
3.7637500000e+01  6.0847809091e+14
3.7675000000e+01  6.0913569217e+14
3.7712500000e+01  6.0979329343e+14
3.7750000000e+01  6.1045089469e+14
3.7787500000e+01  6.1110849595e+14
3.7825000000e+01  6.1176609721e+14
3.7862500000e+01  6.1242369847e+14
3.7900000000e+01  6.1308129973e+14
3.7937500000e+01  6.1373890099e+14
3.7975000000e+01  6.1439650226e+14
3.8012500000e+01  6.1505410352e+14
3.8050000000e+01  6.1571170478e+14
3.8087500000e+01  6.1636930604e+14
3.8125000000e+01  6.1702690730e+14
3.8162500000e+01  6.1768450856e+14
3.8200000000e+01  6.1834210982e+14
3.8237500000e+01  6.1899971108e+14
3.8275000000e+01  6.1965731234e+14
3.8312500000e+01  6.2031491361e+14
3.8350000000e+01  6.2097251487e+14
3.8387500000e+01  6.2163011613e+14
3.8425000000e+01  6.2228771739e+14
3.8462500000e+01  6.2294531865e+14
3.8500000000e+01  6.2360291991e+14
3.8537500000e+01  6.2426052117e+14
3.8575000000e+01  6.2491812243e+14
3.8612500000e+01  6.2557572369e+14
3.8650000000e+01  6.2623332496e+14
3.8687500000e+01  6.2689092622e+14
3.8725000000e+01  6.2754852748e+14
3.8762500000e+01  6.2820612874e+14
3.8800000000e+01  6.2886373000e+14
3.8837500000e+01  6.2952133126e+14
3.8875000000e+01  6.3017893252e+14
3.8912500000e+01  6.3083653378e+14
3.8950000000e+01  6.3149413504e+14
3.8987500000e+01  6.3215173631e+14
3.9025000000e+01  6.3280933757e+14
3.9062500000e+01  6.3346693883e+14
3.9100000000e+01  6.3412454009e+14
3.9137500000e+01  6.3478214135e+14
3.9175000000e+01  6.3543974261e+14
3.9212500000e+01  6.3609734387e+14
3.9250000000e+01  6.3675494513e+14
3.9287500000e+01  6.3741254639e+14
3.9325000000e+01  6.3807014766e+14
3.9362500000e+01  6.3872774892e+14
3.9400000000e+01  6.3938535018e+14
3.9437500000e+01  6.4004295144e+14
3.9475000000e+01  6.4070055270e+14
3.9512500000e+01  6.4135815396e+14
3.9550000000e+01  6.4201575522e+14
3.9587500000e+01  6.4267335648e+14
3.9625000000e+01  6.4333095774e+14
3.9662500000e+01  6.4398855901e+14
3.9700000000e+01  6.4464616027e+14
3.9737500000e+01  6.4530376153e+14
3.9775000000e+01  6.4596136279e+14
3.9812500000e+01  6.4661896405e+14
3.9850000000e+01  6.4727656531e+14
3.9887500000e+01  6.4793416657e+14
3.9925000000e+01  6.4859176783e+14
3.9962500000e+01  6.4924936909e+14


-1.0000000000e+01  1.0000000000e+00  2.9387703014e+00
-9.9750000000e+00  1.0711709755e+00  2.7512747164e+00
-9.9500000000e+00  1.1373850544e+00  2.5423496167e+00
-9.9250000000e+00  1.1981169243e+00  2.3128527601e+00
-9.9000000000e+00  1.2528644837e+00  2.0637827030e+00
-9.8750000000e+00  1.3011523148e+00  1.7962748182e+00
-9.8500000000e+00  1.3425350443e+00  1.5115964381e+00
-9.8250000000e+00  1.3766005734e+00  1.2111411437e+00
-9.8000000000e+00  1.4029731534e+00  8.9642222488e-01
-9.7750000000e+00  1.4213162887e+00  5.6906534443e-01
-9.7500000000e+00  1.4313354463e+00  2.3080044216e-01
-9.7250000000e+00  1.4327805542e+00  -1.1654708005e-01
-9.7000000000e+00  1.4254482703e+00  -4.7106584599e-01
-9.6750000000e+00  1.4091840071e+00  -8.3076861572e-01
-9.6500000000e+00  1.3838836957e+00  -1.1936029647e+00
-9.6250000000e+00  1.3494952762e+00  -1.5574624737e+00
-9.6000000000e+00  1.3060199037e+00  -1.9201983680e+00
-9.5750000000e+00  1.2535128570e+00  -2.2796315419e+00
-9.5500000000e+00  1.1920841435e+00  -2.6335649009e+00
-9.5250000000e+00  1.1218987917e+00  -2.9797959530e+00
-9.5000000000e+00  1.0431768271e+00  -3.3161295775e+00
-9.4750000000e+00  9.5619292690e-01  -3.6403908987e+00
-9.4500000000e+00  8.6127575288e-01  -3.9504381907e+00
-9.4250000000e+00  7.5880696136e-01  -4.2441757398e+00
-9.4000000000e+00  6.4921989342e-01  -4.5195665881e+00
-9.3750000000e+00  5.3299794865e-01  -4.7746450865e+00
-9.3500000000e+00  4.1067264817e-01  -5.0075291814e+00
-9.3250000000e+00  2.8282139461e-01  -5.2164323629e+00
-9.3000000000e+00  1.5006493837e-01  -5.3996752056e+00
-9.2750000000e+00  1.3064561150e-02  -5.5556964290e+00
-9.2500000000e+00  -1.2748101034e-01  -5.6830634148e+00
-9.2250000000e+00  -2.7083894609e-01  -5.7804821141e+00
-9.2000000000e+00  -4.1624589395e-01  -5.8468062853e+00
-9.1750000000e+00  -5.6291178281e-01  -5.8810460041e+00
-9.1500000000e+00  -7.1002382874e-01  -5.8823753925e+00
-9.1250000000e+00  -8.5675072424e-01  -5.8501395172e+00
-9.1000000000e+00  -1.0022469889e+00  -5.7838604116e+00
-9.0750000000e+00  -1.1456574596e+00  -5.6832421812e+00
-9.0500000000e+00  -1.2861218957e+00  -5.5481751573e+00
-9.0250000000e+00  -1.4227796771e+00  -5.3787390668e+00
-9.0000000000e+00  -1.5547745677e+00  -5.1752051947e+00
-8.9750000000e+00  -1.6812595209e+00  -4.9380375179e+00
-8.9500000000e+00  -1.8014015003e+00  -4.6678927973e+00
-8.9250000000e+00  -1.9143862894e+00  -4.3656196181e+00
-8.9000000000e+00  -2.0194232642e+00  -4.0322563769e+00
-8.8750000000e+00  -2.1157501026e+00  -3.6690282177e+00
-8.8500000000e+00  -2.2026374036e+00  -3.2773429249e+00
-8.8250000000e+00  -2.2793931914e+00  -2.8587857886e+00
-8.8000000000e+00  -2.3453672783e+00  -2.4151134615e+00
-8.7750000000e+00  -2.3999554617e+00  -1.9482468329e+00
-8.7500000000e+00  -2.4426035313e+00  -1.4602629506e+00
-8.7250000000e+00  -2.4728110617e+00  -9.5338602742e-01
-8.7000000000e+00  -2.4901349709e+00  -4.2997757268e-01
-8.6750000000e+00  -2.4941928200e+00  1.0747430483e-01
-8.6500000000e+00  -2.4846658366e+00  6.5636637164e-01
-8.6250000000e+00  -2.4613016420e+00  1.2139924674e+00
-8.6000000000e+00  -2.4239166644e+00  1.7775563665e+00
-8.5750000000e+00  -2.3723982242e+00  2.3441852406e+00
-8.5500000000e+00  -2.3067062745e+00  2.9109436562e+00
-8.5250000000e+00  -2.2268747865e+00  3.4748480372e+00
-8.5000000000e+00  -2.1330127684e+00  4.0328815209e+00
-8.4750000000e+00  -2.0253049080e+00  4.5820091337e+00
-8.4500000000e+00  -1.9040118338e+00  5.1191932084e+00
-8.4250000000e+00  -1.7694699870e+00  5.6414089672e+00
-8.4000000000e+00  -1.6220911042e+00  6.1456601898e+00
-8.3750000000e+00  -1.4623613070e+00  6.6289948883e+00
-8.3500000000e+00  -1.2908398014e+00  7.0885209076e+00
-8.3250000000e+00  -1.1081571880e+00  7.5214213716e+00
-8.3000000000e+00  -9.1501338971e-01  7.9249698970e+00
-8.2750000000e+00  -7.1217520211e-01  8.2965454939e+00
-8.2500000000e+00  -5.0047347655e-01  8.6336470778e+00
-8.2250000000e+00  -2.8079994577e-01  8.9339075177e+00
-8.2000000000e+00  -5.4103705047e-02  9.1951071447e+00
-8.1750000000e+00  1.7861263700e-01  9.4151866528e+00
-8.1500000000e+00  4.1629712172e-01  9.5922593228e+00
-8.1250000000e+00  6.5785290023e-01  9.7246225036e+00
-8.1000000000e+00  9.0214297038e-01  9.8107682909e+00
-8.0750000000e+00  1.1479951699e+00  9.8493933457e+00
-8.0500000000e+00  1.3942074040e+00  9.8394077976e+00
-8.0250000000e+00  1.6395530830e+00  9.7799431866e+00
-8.0000000000e+00  1.8827867470e+00  9.6703593956e+00
-7.9750000000e+00  2.1226498496e+00  9.5102505379e+00
-7.9500000000e+00  2.3578766764e+00  9.2994497618e+00
-7.9250000000e+00  2.5872003694e+00  9.0380329450e+00
-7.9000000000e+00  2.8093590294e+00  8.7263212544e+00
-7.8750000000e+00  3.0231018686e+00  8.3648825527e+00
-7.8500000000e+00  3.2271953828e+00  7.9545316382e+00
-7.8250000000e+00  3.4204295164e+00  7.4963293125e+00
-7.8000000000e+00  3.6016237877e+00  6.9915802722e+00
-7.7750000000e+00  3.7696333485e+00  6.4418298294e+00
-7.7500000000e+00  3.9233549459e+00  5.8488594715e+00
-7.7250000000e+00  4.0617327594e+00  5.2146812736e+00
-7.7000000000e+00  4.1837640840e+00  4.5415311864e+00
-7.6750000000e+00  4.2885048314e+00  3.8318612231e+00
-7.6500000000e+00  4.3750748233e+00  3.0883305787e+00
-7.6250000000e+00  4.4426628487e+00  2.3137957174e+00
-7.6000000000e+00  4.4905314615e+00  1.5112994684e+00
-7.5750000000e+00  4.5180214934e+00  6.8405917725e-01
-7.5500000000e+00  4.5245562593e+00  -1.6454603664e-01
-7.5250000000e+00  4.5096454336e+00  -1.0309888632e+00
-7.5000000000e+00  4.4728885772e+00  -1.9116081651e+00
-7.4750000000e+00  4.4139782955e+00  -2.8026240605e+00
-7.4500000000e+00  4.3327030122e+00  -3.7001536586e+00
-7.4250000000e+00  4.2289493414e+00  -4.6002273793e+00
-7.4000000000e+00  4.1027040454e+00  -5.4988057856e+00
-7.3750000000e+00  3.9540555662e+00  -6.3917968554e+00
-7.3500000000e+00  3.7831951201e+00  -7.2750736155e+00
-7.3250000000e+00  3.5904173485e+00  -8.1444920610e+00
-7.3000000000e+00  3.3761205168e+00  -8.9959092813e+00
-7.2750000000e+00  3.1408062597e+00  -9.8252017116e+00
-7.2500000000e+00  2.8850788685e+00  -1.0628283431e+01
-7.2250000000e+00  2.6096441216e+00  -1.1401124424e+01
-7.2000000000e+00  2.3153076596e+00  -1.2139768729e+01
-7.1750000000e+00  2.0029729096e+00  -1.2840352388e+01
-7.1500000000e+00  1.6736385628e+00  -1.3499121121e+01
-7.1250000000e+00  1.3283956157e+00  -1.4112447651e+01
-7.1000000000e+00  9.6842398251e-01  -1.4676848596e+01
-7.0750000000e+00  5.9498869227e-01  -1.5189000855e+01
-7.0500000000e+00  2.0943568248e-01  -1.5645757424e+01
-7.0250000000e+00  -1.8681279408e-01  -1.6044162558e+01
-7.0000000000e+00  -5.9226313312e-01  -1.6381466222e+01
-6.9750000000e+00  -1.0053556942e+00  -1.6655137771e+01
-6.9500000000e+00  -1.4244704477e+00  -1.6862878780e+01
-6.9250000000e+00  -1.8479329315e+00  -1.7002634994e+01
-6.9000000000e+00  -2.2740204950e+00  -1.7072607318e+01
-6.8750000000e+00  -2.7009688046e+00  -1.7071261820e+01
-6.8500000000e+00  -3.1269785878e+00  -1.6997338688e+01
-6.8250000000e+00  -3.5502225862e+00  -1.6849860112e+01
-6.8000000000e+00  -3.9688526930e+00  -1.6628137046e+01
-6.7750000000e+00  -4.3810072444e+00  -1.6331774823e+01
-6.7500000000e+00  -4.7848184374e+00  -1.5960677607e+01
-6.7250000000e+00  -5.1784198435e+00  -1.5515051640e+01
-6.7000000000e+00  -5.5599539889e+00  -1.4995407291e+01
-6.6750000000e+00  -5.9275799704e+00  -1.4402559880e+01
-6.6500000000e+00  -6.2794810767e+00  -1.3737629282e+01
-6.6250000000e+00  -6.6138723851e+00  -1.3002038305e+01
-6.6000000000e+00  -6.9290083011e+00  -1.2197509846e+01
-6.5750000000e+00  -7.2231900127e+00  -1.1326062841e+01
-6.5500000000e+00  -7.4947728287e+00  -1.0390007015e+01
-6.5250000000e+00  -7.7421733699e+00  -9.3919364590e+00
-6.5000000000e+00  -7.9638765862e+00  -8.3347220555e+00
-6.4750000000e+00  -8.1584425703e+00  -7.2215027784e+00
-6.4500000000e+00  -8.3245131393e+00  -6.0556759063e+00
-6.4250000000e+00  -8.4608181591e+00  -4.8408861828e+00
-6.4000000000e+00  -8.5661815854e+00  -3.5810139668e+00
-6.3750000000e+00  -8.6395271953e+00  -2.2801624198e+00
-6.3500000000e+00  -8.6798839881e+00  -9.4264377786e-01
-6.3250000000e+00  -8.6863912311e+00  4.2703523802e-01
-6.3000000000e+00  -8.6583031313e+00  1.8241888160e+00
-6.2750000000e+00  -8.5949931122e+00  3.2439681939e+00
-6.2500000000e+00  -8.4959576784e+00  4.6813784832e+00
-6.2250000000e+00  -8.3608198525e+00  6.1312961130e+00
-6.2000000000e+00  -8.1893321678e+00  7.5884868251e+00
-6.1750000000e+00  -7.9813792057e+00  9.0476241546e+00
-6.1500000000e+00  -7.7369796652e+00  1.0503308323e+01
-6.1250000000e+00  -7.4562879562e+00  1.1950085472e+01
-6.1000000000e+00  -7.1395953082e+00  1.3382467172e+01
-6.0750000000e+00  -6.7873303884e+00  1.4794950116e+01
-6.0500000000e+00  -6.4000594262e+00  1.6182035948e+01
-6.0250000000e+00  -5.9784858412e+00  1.7538251129e+01
-6.0000000000e+00  -5.5234493742e+00  1.8858166781e+01
-5.9750000000e+00  -5.0359247240e+00  2.0136418435e+01
-5.9500000000e+00  -4.5170196920e+00  2.1367725595e+01
-5.9250000000e+00  -3.9679728404e+00  2.2546911076e+01
-5.9000000000e+00  -3.3901506716e+00  2.3668920008e+01
-5.8750000000e+00  -2.7850443359e+00  2.4728838472e+01
-5.8500000000e+00  -2.1542658800e+00  2.5721911674e+01
-5.8250000000e+00  -1.4995440468e+00  2.6643561613e+01
-5.8000000000e+00  -8.2271964079e-01  2.7489404158e+01
-5.7750000000e+00  -1.2574047408e-01  2.8255265497e+01
-5.7500000000e+00  5.8934408952e-01  2.8937197886e+01
-5.7250000000e+00  1.3203889755e+00  2.9531494637e+01
-5.7000000000e+00  2.0651596040e+00  3.0034704316e+01
-5.6750000000e+00  2.8213384401e+00  3.0443644081e+01
-5.6500000000e+00  3.5865318656e+00  3.0755412122e+01
-5.6250000000e+00  4.3582773508e+00  3.0967399162e+01
-5.6000000000e+00  5.1340509014e+00  3.1077298987e+01
-5.5750000000e+00  5.9112747564e+00  3.1083117958e+01
-5.5500000000e+00  6.6873253101e+00  3.0983183481e+01
-5.5250000000e+00  7.4595412336e+00  3.0776151417e+01
-5.5000000000e+00  8.2252317669e+00  3.0461012391e+01
-5.4750000000e+00  8.9816851557e+00  3.0037097001e+01
-5.4500000000e+00  9.7261772040e+00  2.9504079899e+01
-5.4250000000e+00  1.0455979915e+01  2.8861982741e+01
-5.4000000000e+00  1.1168370189e+01  2.8111175995e+01
-5.3750000000e+00  1.1860638560e+01  2.7252379610e+01
-5.3500000000e+00  1.2530097922e+01  2.6286662547e+01
-5.3250000000e+00  1.3174092242e+01  2.5215441169e+01
-5.3000000000e+00  1.3790005211e+01  2.4040476518e+01
-5.2750000000e+00  1.4375268815e+01  2.2763870470e+01
-5.2500000000e+00  1.4927371797e+01  2.1388060807e+01
-5.2250000000e+00  1.5443867984e+01  1.9915815211e+01
-5.2000000000e+00  1.5922384445e+01  1.8350224213e+01
-5.1750000000e+00  1.6360629463e+01  1.6694693126e+01
-5.1500000000e+00  1.6756400299e+01  1.4952932978e+01
-5.1250000000e+00  1.7107590705e+01  1.3128950509e+01
-5.1000000000e+00  1.7412198185e+01  1.1227037234e+01
-5.0750000000e+00  1.7668330971e+01  9.2517576419e+00
-5.0500000000e+00  1.7874214686e+01  7.2079365522e+00
-5.0250000000e+00  1.8028198689e+01  5.1006456893e+00
-5.0000000000e+00  1.8128762073e+01  2.9351895098e+00
-4.9750000000e+00  1.8174519295e+01  7.1709034109e-01
-4.9500000000e+00  1.8164225435e+01  -1.5479271224e+00
-4.9250000000e+00  1.8096781052e+01  -3.8539519108e+00
-4.9000000000e+00  1.7971236634e+01  -6.1949034043e+00
-4.8750000000e+00  1.7786796630e+01  -8.5645484364e+00
-4.8500000000e+00  1.7542823039e+01  -1.0956518819e+01
-4.8250000000e+00  1.7238838571e+01  -1.3364329232e+01
-4.8000000000e+00  1.6874529340e+01  -1.5781395418e+01
-4.7750000000e+00  1.6449747114e+01  -1.8201052625e+01
-4.7500000000e+00  1.5964511090e+01  -2.0616574237e+01
-4.7250000000e+00  1.5419009209e+01  -2.3021190540e+01
-4.7000000000e+00  1.4813598999e+01  -2.5408107550e+01
-4.6750000000e+00  1.4148807941e+01  -2.7770525862e+01
-4.6500000000e+00  1.3425333378e+01  -3.0101659455e+01
-4.6250000000e+00  1.2644041936e+01  -3.2394754388e+01
-4.6000000000e+00  1.1805968499e+01  -3.4643107353e+01
-4.5750000000e+00  1.0912314707e+01  -3.6840084002e+01
-4.5500000000e+00  9.9644470109e+00  -3.8979137019e+01
-4.5250000000e+00  8.9638942685e+00  -4.1053823869e+01
-4.5000000000e+00  7.9123449113e+00  -4.3057824186e+01
-4.4750000000e+00  6.8116436751e+00  -4.4984956735e+01
-4.4500000000e+00  5.6637879153e+00  -4.6829195925e+01
-4.4250000000e+00  4.4709235140e+00  -4.8584687795e+01
-4.4000000000e+00  3.2353403957e+00  -5.0245765469e+01
-4.3750000000e+00  1.9594676627e+00  -5.1806964009e+01
-4.3500000000e+00  6.4586836778e-01  -5.3263034635e+01
-4.3250000000e+00  -7.0276606091e-01  -5.4608958291e+01
-4.3000000000e+00  -2.0836217249e+00  -5.5839958503e+01
-4.2750000000e+00  -3.4937684736e+00  -5.6951513515e+01
-4.2500000000e+00  -4.9301664153e+00  -5.7939367657e+01
-4.2250000000e+00  -6.3896727042e+00  -5.8799541941e+01
-4.2000000000e+00  -7.8690485810e+00  -5.9528343845e+01
-4.1750000000e+00  -9.3649666483e+00  -6.0122376272e+01
-4.1500000000e+00  -1.0874018360e+01  -6.0578545667e+01
-4.1250000000e+00  -1.2392721700e+01  -6.0894069273e+01
-4.1000000000e+00  -1.3917529039e+01  -6.1066481522e+01
-4.0750000000e+00  -1.5444835130e+01  -6.1093639543e+01
-4.0500000000e+00  -1.6970985235e+01  -6.0973727788e+01
-4.0250000000e+00  -1.8492283362e+01  -6.0705261766e+01
-4.0000000000e+00  -2.0005000574e+01  -6.0287090892e+01
-3.9750000000e+00  -2.1505383365e+01  -5.9718400442e+01
-3.9500000000e+00  -2.2989662069e+01  -5.8998712632e+01
-3.9250000000e+00  -2.4454059295e+01  -5.8127886815e+01
-3.9000000000e+00  -2.5894798338e+01  -5.7106118807e+01
-3.8750000000e+00  -2.7308111585e+01  -5.5933939372e+01
-3.8500000000e+00  -2.8690248850e+01  -5.4612211844e+01
-3.8250000000e+00  -3.0037485659e+01  -5.3142128943e+01
-3.8000000000e+00  -3.1346131431e+01  -5.1525208771e+01
-3.7750000000e+00  -3.2612537554e+01  -4.9763290027e+01
-3.7500000000e+00  -3.3833105337e+01  -4.7858526456e+01
-3.7250000000e+00  -3.5004293805e+01  -4.5813380558e+01
-3.7000000000e+00  -3.6122627330e+01  -4.3630616583e+01
-3.6750000000e+00  -3.7184703087e+01  -4.1313292837e+01
-3.6500000000e+00  -3.8187198295e+01  -3.8864753334e+01
-3.6250000000e+00  -3.9126877253e+01  -3.6288618818e+01
-3.6000000000e+00  -4.0000598138e+01  -3.3588777191e+01
-3.5750000000e+00  -4.0805319559e+01  -3.0769373377e+01
-3.5500000000e+00  -4.1538106852e+01  -2.7834798660e+01
-3.5250000000e+00  -4.2196138096e+01  -2.4789679523e+01
-3.5000000000e+00  -4.2776709854e+01  -2.1638866040e+01
-3.4750000000e+00  -4.3277242610e+01  -1.8387419829e+01
-3.4500000000e+00  -4.3695285903e+01  -1.5040601640e+01
-3.4250000000e+00  -4.4028523148e+01  -1.1603858578e+01
-3.4000000000e+00  -4.4274776131e+01  -8.0828110304e+00
-3.3750000000e+00  -4.4432009174e+01  -4.4832393114e+00
-3.3500000000e+00  -4.4498332966e+01  -8.1107008126e-01
-3.3250000000e+00  -4.4472008049e+01  2.9276374360e+00
-3.3000000000e+00  -4.4351447954e+01  6.7267053903e+00
-3.2750000000e+00  -4.4135221999e+01  1.0579851365e+01
-3.2500000000e+00  -4.3822057720e+01  1.4480702517e+01
-3.2250000000e+00  -4.3410842957e+01  1.8422809770e+01
-3.2000000000e+00  -4.2900627582e+01  2.2399662008e+01
-3.1750000000e+00  -4.2290624873e+01  2.6404700252e+01
-3.1500000000e+00  -4.1580212533e+01  3.0431331771e+01
-3.1250000000e+00  -4.0768933359e+01  3.4472944105e+01
-3.1000000000e+00  -3.9856495563e+01  3.8522918949e+01
-3.0750000000e+00  -3.8842772741e+01  4.2574645891e+01
-3.0500000000e+00  -3.7727803513e+01  4.6621535950e+01
-3.0250000000e+00  -3.6511790815e+01  5.0657034894e+01
-3.0000000000e+00  -3.5195100867e+01  5.4674636309e+01
-2.9750000000e+00  -3.3778261820e+01  5.8667894392e+01
-2.9500000000e+00  -3.2261962081e+01  6.2630436435e+01
-2.9250000000e+00  -3.0647048334e+01  6.6555974986e+01
-2.9000000000e+00  -2.8934523262e+01  7.0438319646e+01
-2.8750000000e+00  -2.7125542971e+01  7.4271388507e+01
-2.8500000000e+00  -2.5221414149e+01  7.8049219172e+01
-2.8250000000e+00  -2.3223590934e+01  8.1765979380e+01
-2.8000000000e+00  -2.1133671540e+01  8.5415977179e+01
-2.7750000000e+00  -1.8953394624e+01  8.8993670659e+01
-2.7500000000e+00  -1.6684635417e+01  9.2493677216e+01
-2.7250000000e+00  -1.4329401633e+01  9.5910782333e+01
-2.7000000000e+00  -1.1889829160e+01  9.9239947873e+01
-2.6750000000e+00  -9.3681775537e+00  1.0247631987e+02
-2.6500000000e+00  -6.7668253404e+00  1.0561523579e+02
-2.6250000000e+00  -4.0882651451e+00  1.0865223134e+02
-2.6000000000e+00  -1.3350986581e+00  1.1158304662e+02
-2.5750000000e+00  1.4899685491e+00  1.1440363189e+02
-2.5500000000e+00  4.3841323424e+00  1.1711015274e+02
-2.5250000000e+00  7.3444954675e+00  1.1969899467e+02
-2.5000000000e+00  1.0368073100e+01  1.2216676725e+02
-2.4750000000e+00  1.3451798494e+01  1.2451030763e+02
-2.4500000000e+00  1.6592528709e+01  1.2672668364e+02
-2.4250000000e+00  1.9787050408e+01  1.2881319620e+02
-2.4000000000e+00  2.3032085715e+01  1.3076738139e+02
-2.3750000000e+00  2.6324298111e+01  1.3258701185e+02
-2.3500000000e+00  2.9660298357e+01  1.3427009773e+02
-2.3250000000e+00  3.3036650446e+01  1.3581488717e+02
-2.3000000000e+00  3.6449877547e+01  1.3721986622e+02
-2.2750000000e+00  3.9896467949e+01  1.3848375831e+02
-2.2500000000e+00  4.3372880985e+01  1.3960552323e+02
-2.2250000000e+00  4.6875552922e+01  1.4058435570e+02
-2.2000000000e+00  5.0400902812e+01  1.4141968340e+02
-2.1750000000e+00  5.3945338286e+01  1.4211116465e+02
-2.1500000000e+00  5.7505261290e+01  1.4265868564e+02
-2.1250000000e+00  6.1077073738e+01  1.4306235722e+02
-2.1000000000e+00  6.4657183088e+01  1.4332251136e+02
-2.0750000000e+00  6.8242007820e+01  1.4343969721e+02
-2.0500000000e+00  7.1827982813e+01  1.4341467677e+02
-2.0250000000e+00  7.5411564609e+01  1.4324842028e+02
-2.0000000000e+00  7.8989236559e+01  1.4294210124e+02
-1.9750000000e+00  8.2557513834e+01  1.4249709116e+02
-1.9500000000e+00  8.6112948313e+01  1.4191495398e+02
-1.9250000000e+00  8.9652133319e+01  1.4119744029e+02
-1.9000000000e+00  9.3171708208e+01  1.4034648121e+02
-1.8750000000e+00  9.6668362807e+01  1.3936418214e+02
-1.8500000000e+00  1.0013884169e+02  1.3825281619e+02
-1.8250000000e+00  1.0357994828e+02  1.3701481752e+02
-1.8000000000e+00  1.0698854879e+02  1.3565277443e+02
-1.7750000000e+00  1.1036157603e+02  1.3416942235e+02
-1.7500000000e+00  1.1369603290e+02  1.3256763663e+02
-1.7250000000e+00  1.1698899592e+02  1.3085042524e+02
-1.7000000000e+00  1.2023761834e+02  1.2902092144e+02
-1.6750000000e+00  1.2343913326e+02  1.2708237621e+02
-1.6500000000e+00  1.2659085643e+02  1.2503815078e+02
-1.6250000000e+00  1.2969018895e+02  1.2289170898e+02
-1.6000000000e+00  1.3273461969e+02  1.2064660966e+02
-1.5750000000e+00  1.3572172763e+02  1.1830649902e+02
-1.5500000000e+00  1.3864918389e+02  1.1587510300e+02
-1.5250000000e+00  1.4151475368e+02  1.1335621964e+02
-1.5000000000e+00  1.4431629796e+02  1.1075371148e+02
-1.4750000000e+00  1.4705177501e+02  1.0807149808e+02
-1.4500000000e+00  1.4971924170e+02  1.0531354846e+02
-1.4250000000e+00  1.5231685470e+02  1.0248387377e+02
-1.4000000000e+00  1.5484287137e+02  9.9586519931e+01
-1.3750000000e+00  1.5729565063e+02  9.6625560453e+01
-1.3500000000e+00  1.5967365345e+02  9.3605089318e+01
-1.3250000000e+00  1.6197544337e+02  9.0529214014e+01
-1.3000000000e+00  1.6419968672e+02  8.7402048699e+01
-1.2750000000e+00  1.6634515267e+02  8.4227707512e+01
-1.2500000000e+00  1.6841071318e+02  8.1010298038e+01
-1.2250000000e+00  1.7039534278e+02  7.7753914937e+01
-1.2000000000e+00  1.7229811811e+02  7.4462633751e+01
-1.1750000000e+00  1.7411821740e+02  7.1140504891e+01
-1.1500000000e+00  1.7585491979e+02  6.7791547808e+01
-1.1250000000e+00  1.7750760442e+02  6.4419745367e+01
-1.1000000000e+00  1.7907574952e+02  6.1029038413e+01
-1.0750000000e+00  1.8055893125e+02  5.7623320555e+01
-1.0500000000e+00  1.8195682248e+02  5.4206433148e+01
-1.0250000000e+00  1.8326919138e+02  5.0782160503e+01
-1.0000000000e+00  1.8449589999e+02  4.7354225305e+01
-9.7500000000e-01  1.8563690261e+02  4.3926284264e+01
-9.5000000000e-01  1.8669224406e+02  4.0501923978e+01
-9.2500000000e-01  1.8766205793e+02  3.7084657035e+01
-9.0000000000e-01  1.8854656466e+02  3.3677918330e+01
-8.7500000000e-01  1.8934606955e+02  3.0285061624e+01
-8.5000000000e-01  1.9006096069e+02  2.6909356319e+01
-8.2500000000e-01  1.9069170683e+02  2.3553984470e+01
-8.0000000000e-01  1.9123885514e+02  2.0222038021e+01
-7.7500000000e-01  1.9170302895e+02  1.6916516269e+01
-7.5000000000e-01  1.9208492539e+02  1.3640323551e+01
-7.2500000000e-01  1.9238531296e+02  1.0396267158e+01
-7.0000000000e-01  1.9260502914e+02  7.1870554669e+00
-6.7500000000e-01  1.9274497786e+02  4.0152962899e+00
-6.5000000000e-01  1.9280612696e+02  8.8349543959e-01
-6.2500000000e-01  1.9278950566e+02  -2.2059444945e+00
-6.0000000000e-01  1.9269620192e+02  -5.2507251628e+00
-5.7500000000e-01  1.9252735986e+02  -8.2486532697e+00
-5.5000000000e-01  1.9228417711e+02  -1.1197641188e+01
-5.2500000000e-01  1.9196790217e+02  -1.4095707380e+01
-5.0000000000e-01  1.9157983174e+02  -1.6940976630e+01
-4.7500000000e-01  1.9112130807e+02  -1.9731680094e+01
-4.5000000000e-01  1.9059371632e+02  -2.2466155165e+01
-4.2500000000e-01  1.8999848188e+02  -2.5142845179e+01
-4.0000000000e-01  1.8933706772e+02  -2.7760298936e+01
-3.7500000000e-01  1.8861097180e+02  -3.0317170078e+01
-3.5000000000e-01  1.8782172444e+02  -3.2812216299e+01
-3.2500000000e-01  1.8697088571e+02  -3.5244298412e+01
-3.0000000000e-01  1.8606004288e+02  -3.7612379276e+01
-2.7500000000e-01  1.8509080791e+02  -3.9915522579e+01
-2.5000000000e-01  1.8406481489e+02  -4.2152891501e+01
-2.2500000000e-01  1.8298371762e+02  -4.4323747248e+01
-2.0000000000e-01  1.8184918717e+02  -4.6427447470e+01
-1.7500000000e-01  1.8066290945e+02  -4.8463444569e+01
-1.5000000000e-01  1.7942658293e+02  -5.0431283910e+01
-1.2500000000e-01  1.7814191628e+02  -5.2330601924e+01
-1.0000000000e-01  1.7681062614e+02  -5.4161124128e+01
-7.5000000000e-02  1.7543443494e+02  -5.5922663061e+01
-5.0000000000e-02  1.7401506871e+02  -5.7615116142e+01
-2.5000000000e-02  1.7255425502e+02  -5.9238463450e+01
7.4877604117e-14  1.7105372092e+02  -6.0792765453e+01
2.5000000000e-02  1.6951519097e+02  -6.2278160665e+01
5.0000000000e-02  1.6794038533e+02  -6.3694863257e+01
7.5000000000e-02  1.6633101785e+02  -6.5043160621e+01
1.0000000000e-01  1.6468879435e+02  -6.6323410893e+01
1.2500000000e-01  1.6301541081e+02  -6.7536040439e+01
1.5000000000e-01  1.6131255174e+02  -6.8681541314e+01
1.7500000000e-01  1.5958188852e+02  -6.9760468696e+01
2.0000000000e-01  1.5782507794e+02  -7.0773438301e+01
2.2500000000e-01  1.5604376064e+02  -7.1721123790e+01
2.5000000000e-01  1.5423955971e+02  -7.2604254153e+01
2.7500000000e-01  1.5241407937e+02  -7.3423611112e+01
3.0000000000e-01  1.5056890365e+02  -7.4180026501e+01
3.2500000000e-01  1.4870559522e+02  -7.4874379671e+01
3.5000000000e-01  1.4682569414e+02  -7.5507594896e+01
3.7500000000e-01  1.4493071689e+02  -7.6080638790e+01
4.0000000000e-01  1.4302215523e+02  -7.6594517752e+01
4.2500000000e-01  1.4110147533e+02  -7.7050275427e+01
4.5000000000e-01  1.3917011680e+02  -7.7448990189e+01
4.7500000000e-01  1.3722949190e+02  -7.7791772664e+01
5.0000000000e-01  1.3528098475e+02  -7.8079763274e+01
5.2500000000e-01  1.3332595059e+02  -7.8314129823e+01
5.5000000000e-01  1.3136571517e+02  -7.8496065120e+01
5.7500000000e-01  1.2940157411e+02  -7.8626784641e+01
6.0000000000e-01  1.2743479241e+02  -7.8707524240e+01
6.2500000000e-01  1.2546660393e+02  -7.8739537899e+01
6.5000000000e-01  1.2349821096e+02  -7.8724095531e+01
6.7500000000e-01  1.2153078390e+02  -7.8662480830e+01
7.0000000000e-01  1.1956546087e+02  -7.8555989179e+01
7.2500000000e-01  1.1760334751e+02  -7.8405925602e+01
7.5000000000e-01  1.1564551673e+02  -7.8213602782e+01
7.7500000000e-01  1.1369300852e+02  -7.7980339128e+01
8.0000000000e-01  1.1174682990e+02  -7.7707456901e+01
8.2500000000e-01  1.0980795477e+02  -7.7396280404e+01
8.5000000000e-01  1.0787732393e+02  -7.7048134224e+01
8.7500000000e-01  1.0595584509e+02  -7.6664341540e+01
9.0000000000e-01  1.0404439288e+02  -7.6246222491e+01
9.2500000000e-01  1.0214380902e+02  -7.5795092605e+01
9.5000000000e-01  1.0025490240e+02  -7.5312261290e+01
9.7500000000e-01  9.8378449260e+01  -7.4799030385e+01
1.0000000000e+00  9.6515193409e+01  -7.4256692779e+01
1.0250000000e+00  9.4665846459e+01  -7.3686531086e+01
1.0500000000e+00  9.2831088100e+01  -7.3089816387e+01
1.0750000000e+00  9.1011566400e+01  -7.2467807028e+01
1.1000000000e+00  8.9207898138e+01  -7.1821747485e+01
1.1250000000e+00  8.7420669168e+01  -7.1152867290e+01
1.1500000000e+00  8.5650434803e+01  -7.0462380011e+01
1.1750000000e+00  8.3897720225e+01  -6.9751482300e+01
1.2000000000e+00  8.2163020922e+01  -6.9021352992e+01
1.2250000000e+00  8.0446803142e+01  -6.8273152271e+01
1.2500000000e+00  7.8749504368e+01  -6.7508020888e+01
1.2750000000e+00  7.7071533819e+01  -6.6727079434e+01
1.3000000000e+00  7.5413272954e+01  -6.5931427671e+01
1.3250000000e+00  7.3775076006e+01  -6.5122143923e+01
1.3500000000e+00  7.2157270526e+01  -6.4300284508e+01
1.3750000000e+00  7.0560157935e+01  -6.3466883230e+01
1.4000000000e+00  6.8984014095e+01  -6.2622950925e+01
1.4250000000e+00  6.7429089890e+01  -6.1769475047e+01
1.4500000000e+00  6.5895611814e+01  -6.0907419312e+01
1.4750000000e+00  6.4383782566e+01  -6.0037723380e+01
1.5000000000e+00  6.2893781658e+01  -5.9161302593e+01
1.5250000000e+00  6.1425766027e+01  -5.8279047748e+01
1.5500000000e+00  5.9979870645e+01  -5.7391824917e+01
1.5750000000e+00  5.8556209145e+01  -5.6500475307e+01
1.6000000000e+00  5.7154874441e+01  -5.5605815167e+01
1.6250000000e+00  5.5775939356e+01  -5.4708635718e+01
1.6500000000e+00  5.4419457240e+01  -5.3809703139e+01
1.6750000000e+00  5.3085462608e+01  -5.2909758573e+01
1.7000000000e+00  5.1773971753e+01  -5.2009518176e+01
1.7250000000e+00  5.0484983380e+01  -5.1109673198e+01
1.7500000000e+00  4.9218479221e+01  -5.0210890091e+01
1.7750000000e+00  4.7974424656e+01  -4.9313810649e+01
1.8000000000e+00  4.6752769325e+01  -4.8419052182e+01
1.8250000000e+00  4.5553447742e+01  -4.7527207704e+01
1.8500000000e+00  4.4376379895e+01  -4.6638846161e+01
1.8750000000e+00  4.3221471846e+01  -4.5754512674e+01
1.9000000000e+00  4.2088616327e+01  -4.4874728806e+01
1.9250000000e+00  4.0977693320e+01  -4.3999992854e+01
1.9500000000e+00  3.9888570638e+01  -4.3130780158e+01
1.9750000000e+00  3.8821104494e+01  -4.2267543430e+01
2.0000000000e+00  3.7775140062e+01  -4.1410713098e+01
2.0250000000e+00  3.6750512031e+01  -4.0560697671e+01
2.0500000000e+00  3.5747045146e+01  -3.9717884114e+01
2.0750000000e+00  3.4764554744e+01  -3.8882638240e+01
2.1000000000e+00  3.3802847278e+01  -3.8055305114e+01
2.1250000000e+00  3.2861720827e+01  -3.7236209466e+01
2.1500000000e+00  3.1940965604e+01  -3.6425656120e+01
2.1750000000e+00  3.1040364443e+01  -3.5623930422e+01
2.2000000000e+00  3.0159693286e+01  -3.4831298690e+01
2.2250000000e+00  2.9298721648e+01  -3.4048008658e+01
2.2500000000e+00  2.8457213079e+01  -3.3274289937e+01
2.2750000000e+00  2.7634925611e+01  -3.2510354471e+01
2.3000000000e+00  2.6831612193e+01  -3.1756397004e+01
2.3250000000e+00  2.6047021116e+01  -3.1012595551e+01
2.3500000000e+00  2.5280896423e+01  -3.0279111868e+01
2.3750000000e+00  2.4532978314e+01  -2.9556091922e+01
2.4000000000e+00  2.3803003530e+01  -2.8843666371e+01
2.4250000000e+00  2.3090705733e+01  -2.8141951032e+01
2.4500000000e+00  2.2395815871e+01  -2.7451047357e+01
2.4750000000e+00  2.1718062530e+01  -2.6771042907e+01
2.5000000000e+00  2.1057172273e+01  -2.6102011820e+01
2.5250000000e+00  2.0412869976e+01  -2.5444015279e+01
2.5500000000e+00  1.9784879141e+01  -2.4797101978e+01
2.5750000000e+00  1.9172922204e+01  -2.4161308583e+01
2.6000000000e+00  1.8576720830e+01  -2.3536660187e+01
2.6250000000e+00  1.7995996196e+01  -2.2923170766e+01
2.6500000000e+00  1.7430469266e+01  -2.2320843622e+01
2.6750000000e+00  1.6879861048e+01  -2.1729671829e+01
2.7000000000e+00  1.6343892847e+01  -2.1149638666e+01
2.7250000000e+00  1.5822286505e+01  -2.0580718044e+01
2.7500000000e+00  1.5314764628e+01  -2.0022874936e+01
2.7750000000e+00  1.4821050804e+01  -1.9476065785e+01
2.8000000000e+00  1.4340869815e+01  -1.8940238918e+01
2.8250000000e+00  1.3873947830e+01  -1.8415334942e+01
2.8500000000e+00  1.3420012596e+01  -1.7901287141e+01
2.8750000000e+00  1.2978793616e+01  -1.7398021861e+01
2.9000000000e+00  1.2550022314e+01  -1.6905458883e+01
2.9250000000e+00  1.2133432203e+01  -1.6423511796e+01
2.9500000000e+00  1.1728759025e+01  -1.5952088354e+01
2.9750000000e+00  1.1335740900e+01  -1.5491090828e+01
3.0000000000e+00  1.0954118456e+01  -1.5040416350e+01
3.0250000000e+00  1.0583634953e+01  -1.4599957243e+01
3.0500000000e+00  1.0224036399e+01  -1.4169601349e+01
3.0750000000e+00  9.8750716602e+00  -1.3749232345e+01
3.1000000000e+00  9.5364925583e+00  -1.3338730048e+01
3.1250000000e+00  9.2080539656e+00  -1.2937970712e+01
3.1500000000e+00  8.8895138892e+00  -1.2546827318e+01
3.1750000000e+00  8.5806335498e+00  -1.2165169854e+01
3.2000000000e+00  8.2811774530e+00  -1.1792865585e+01
3.2250000000e+00  7.9909134539e+00  -1.1429779313e+01
3.2500000000e+00  7.7096128158e+00  -1.1075773632e+01
3.2750000000e+00  7.4370502623e+00  -1.0730709172e+01
3.3000000000e+00  7.1730040232e+00  -1.0394444832e+01
3.3250000000e+00  6.9172558752e+00  -1.0066838007e+01
3.3500000000e+00  6.6695911766e+00  -9.7477448071e+00
3.3750000000e+00  6.4297988968e+00  -9.4370202640e+00
3.4000000000e+00  6.1976716409e+00  -9.1345185351e+00
3.4250000000e+00  5.9730056687e+00  -8.8400930936e+00
3.4500000000e+00  5.7556009101e+00  -8.5535969139e+00
3.4750000000e+00  5.5452609749e+00  -8.2748826479e+00
3.5000000000e+00  5.3417931590e+00  -8.0038027931e+00
3.5250000000e+00  5.1450084457e+00  -7.7402098538e+00
3.5500000000e+00  4.9547215046e+00  -7.4839564940e+00
3.5750000000e+00  4.7707506847e+00  -7.2348956833e+00
3.6000000000e+00  4.5929180057e+00  -6.9928808352e+00
3.6250000000e+00  4.4210491451e+00  -6.7577659385e+00
3.6500000000e+00  4.2549734219e+00  -6.5294056820e+00
3.6750000000e+00  4.0945237783e+00  -6.3076555716e+00
3.7000000000e+00  3.9395367571e+00  -6.0923720418e+00
3.7250000000e+00  3.7898524777e+00  -5.8834125599e+00
3.7500000000e+00  3.6453146090e+00  -5.6806357247e+00
3.7750000000e+00  3.5057703396e+00  -5.4839013581e+00
3.8000000000e+00  3.3710703465e+00  -5.2930705922e+00
3.8250000000e+00  3.2410687611e+00  -5.1080059491e+00
3.8500000000e+00  3.1156231336e+00  -4.9285714163e+00
3.8750000000e+00  2.9945943955e+00  -4.7546325163e+00
3.9000000000e+00  2.8778468203e+00  -4.5860563706e+00
3.9250000000e+00  2.7652479830e+00  -4.4227117595e+00
3.9500000000e+00  2.6566687176e+00  -4.2644691758e+00
3.9750000000e+00  2.5519830740e+00  -4.1112008755e+00
4.0000000000e+00  2.4510682732e+00  -3.9627809220e+00
4.0250000000e+00  2.3538046613e+00  -3.8190852276e+00
4.0500000000e+00  2.2600756636e+00  -3.6799915898e+00
4.0750000000e+00  2.1697677360e+00  -3.5453797238e+00
4.1000000000e+00  2.0827703176e+00  -3.4151312913e+00
4.1250000000e+00  1.9989757814e+00  -3.2891299255e+00
4.1500000000e+00  1.9182793845e+00  -3.1672612521e+00
4.1750000000e+00  1.8405792183e+00  -3.0494129079e+00
4.2000000000e+00  1.7657761580e+00  -2.9354745548e+00
4.2250000000e+00  1.6937738119e+00  -2.8253378919e+00
4.2500000000e+00  1.6244784703e+00  -2.7188966638e+00
4.2750000000e+00  1.5577990540e+00  -2.6160466666e+00
4.3000000000e+00  1.4936470634e+00  -2.5166857507e+00
4.3250000000e+00  1.4319365270e+00  -2.4207138215e+00
4.3500000000e+00  1.3725839499e+00  -2.3280328373e+00
4.3750000000e+00  1.3155082626e+00  -2.2385468056e+00
4.4000000000e+00  1.2606307699e+00  -2.1521617758e+00
4.4250000000e+00  1.2078751001e+00  -2.0687858318e+00
4.4500000000e+00  1.1571671537e+00  -1.9883290807e+00
4.4750000000e+00  1.1084350537e+00  -1.9107036414e+00
4.5000000000e+00  1.0616090950e+00  -1.8358236300e+00
4.5250000000e+00  1.0166216948e+00  -1.7636051447e+00
4.5500000000e+00  9.7340734310e-01  -1.6939662488e+00
4.5750000000e+00  9.3190255419e-01  -1.6268269521e+00
4.6000000000e+00  8.9204581784e-01  -1.5621091914e+00
4.6250000000e+00  8.5377755159e-01  -1.4997368094e+00
4.6500000000e+00  8.1704005326e-01  -1.4396355330e+00
4.6750000000e+00  7.8177745422e-01  -1.3817329498e+00
4.7000000000e+00  7.4793567315e-01  -1.3259584847e+00
4.7250000000e+00  7.1546237037e-01  -1.2722433747e+00
4.7500000000e+00  6.8430690290e-01  -1.2205206434e+00
4.7750000000e+00  6.5442028012e-01  -1.1707250745e+00
4.8000000000e+00  6.2575512008e-01  -1.1227931854e+00
4.8250000000e+00  5.9826560653e-01  -1.0766631990e+00
4.8500000000e+00  5.7190744661e-01  -1.0322750162e+00
4.8750000000e+00  5.4663782926e-01  -9.8957018726e-01
4.9000000000e+00  5.2241538433e-01  -9.4849188318e-01
4.9250000000e+00  4.9920014245e-01  -9.0898486628e-01
4.9500000000e+00  4.7695349563e-01  -8.7099546109e-01
4.9750000000e+00  4.5563815852e-01  -8.3447152461e-01
5.0000000000e+00  4.3521813049e-01  -7.9936241666e-01
5.0250000000e+00  4.1565865846e-01  -7.6561896997e-01
5.0500000000e+00  3.9692620044e-01  -7.3319346027e-01
5.0750000000e+00  3.7898838980e-01  -7.0203957633e-01
5.1000000000e+00  3.6181400035e-01  -6.7211239007e-01
5.1250000000e+00  3.4537291211e-01  -6.4336832665e-01
5.1500000000e+00  3.2963607790e-01  -6.1576513468e-01
5.1750000000e+00  3.1457549054e-01  -5.8926185656e-01
5.2000000000e+00  3.0016415098e-01  -5.6381879898e-01
5.2250000000e+00  2.8637603697e-01  -5.3939750360e-01
5.2500000000e+00  2.7318607258e-01  -5.1596071787e-01
5.2750000000e+00  2.6057009846e-01  -4.9347236624e-01
5.3000000000e+00  2.4850484269e-01  -4.7189752147e-01
5.3250000000e+00  2.3696789250e-01  -4.5120237630e-01
5.3500000000e+00  2.2593766659e-01  -4.3135421547e-01
5.3750000000e+00  2.1539338818e-01  -4.1232138791e-01
5.4000000000e+00  2.0531505875e-01  -3.9407327944e-01
5.4250000000e+00  1.9568343243e-01  -3.7658028574e-01
5.4500000000e+00  1.8647999117e-01  -3.5981378566e-01
5.4750000000e+00  1.7768692037e-01  -3.4374611498e-01
5.5000000000e+00  1.6928708539e-01  -3.2835054051e-01
5.5250000000e+00  1.6126400853e-01  -3.1360123465e-01
5.5500000000e+00  1.5360184671e-01  -2.9947325032e-01
5.5750000000e+00  1.4628536980e-01  -2.8594249631e-01
5.6000000000e+00  1.3929993949e-01  -2.7298571308e-01
5.6250000000e+00  1.3263148882e-01  -2.6058044900e-01
5.6500000000e+00  1.2626650225e-01  -2.4870503701e-01
5.6750000000e+00  1.2019199637e-01  -2.3733857175e-01
5.7000000000e+00  1.1439550110e-01  -2.2646088708e-01
5.7250000000e+00  1.0886504151e-01  -2.1605253416e-01
5.7500000000e+00  1.0358912014e-01  -2.0609475984e-01
5.7750000000e+00  9.8556699898e-02  -1.9656948566e-01
5.8000000000e+00  9.3757187426e-02  -1.8745928715e-01
5.8250000000e+00  8.9180417014e-02  -1.7874737370e-01
5.8500000000e+00  8.4816635001e-02  -1.7041756883e-01
5.8750000000e+00  8.0656484662e-02  -1.6245429093e-01
5.9000000000e+00  7.6690991575e-02  -1.5484253442e-01
5.9250000000e+00  7.2911549446e-02  -1.4756785138e-01
5.9500000000e+00  6.9309906397e-02  -1.4061633364e-01
5.9750000000e+00  6.5878151689e-02  -1.3397459525e-01
6.0000000000e+00  6.2608702885e-02  -1.2762975548e-01
6.0250000000e+00  5.9494293420e-02  -1.2156942215e-01
6.0500000000e+00  5.6527960600e-02  -1.1578167546e-01
6.0750000000e+00  5.3703033984e-02  -1.1025505218e-01
6.1000000000e+00  5.1013124165e-02  -1.0497853036e-01
6.1250000000e+00  4.8452111925e-02  -9.9941514309e-02
6.1500000000e+00  4.6014137762e-02  -9.5133820115e-02
6.1750000000e+00  4.3693591772e-02  -9.0545661464e-02
6.2000000000e+00  4.1485103884e-02  -8.6167635914e-02
6.2250000000e+00  3.9383534427e-02  -8.1990711528e-02
6.2500000000e+00  3.7383965035e-02  -7.8006213896e-02
6.2750000000e+00  3.5481689861e-02  -7.4205813530e-02
6.3000000000e+00  3.3672207117e-02  -7.0581513625e-02
6.3250000000e+00  3.1951210896e-02  -6.7125638184e-02
6.3500000000e+00  3.0314583304e-02  -6.3830820488e-02
6.3750000000e+00  2.8758386864e-02  -6.0689991926e-02
6.4000000000e+00  2.7278857202e-02  -5.7696371150e-02
6.4250000000e+00  2.5872395997e-02  -5.4843453572e-02
6.4500000000e+00  2.4535564189e-02  -5.2125001183e-02
6.4750000000e+00  2.3265075440e-02  -4.9535032689e-02
6.5000000000e+00  2.2057789833e-02  -4.7067813960e-02
6.5250000000e+00  2.0910707815e-02  -4.4717848784e-02
6.5500000000e+00  1.9820964353e-02  -4.2479869910e-02
6.5750000000e+00  1.8785823330e-02  -4.0348830391e-02
6.6000000000e+00  1.7802672130e-02  -3.8319895204e-02
6.6250000000e+00  1.6869016452e-02  -3.6388433144e-02
6.6500000000e+00  1.5982475309e-02  -3.4550008991e-02
6.6750000000e+00  1.5140776223e-02  -3.2800375935e-02
6.7000000000e+00  1.4341750608e-02  -3.1135468261e-02
6.7250000000e+00  1.3583329331e-02  -2.9551394274e-02
6.7500000000e+00  1.2863538447e-02  -2.8044429471e-02
6.7750000000e+00  1.2180495104e-02  -2.6611009950e-02
6.8000000000e+00  1.1532403605e-02  -2.5247726041e-02
6.8250000000e+00  1.0917551632e-02  -2.3951316165e-02
6.8500000000e+00  1.0334306618e-02  -2.2718660903e-02
6.8750000000e+00  9.7811122621e-03  -2.1546777280e-02
6.9000000000e+00  9.2564851915e-03  -2.0432813247e-02
6.9250000000e+00  8.7590117534e-03  -1.9374042365e-02
6.9500000000e+00  8.2873449393e-03  -1.8367858675e-02
6.9750000000e+00  7.8402014352e-03  -1.7411771761e-02
7.0000000000e+00  7.4163587934e-03  -1.6503401983e-02
7.0250000000e+00  7.0146527200e-03  -1.5640475894e-02
7.0500000000e+00  6.6339744765e-03  -1.4820821818e-02
7.0750000000e+00  6.2732683883e-03  -1.4042365595e-02
7.1000000000e+00  5.9315294589e-03  -1.3303126483e-02
7.1250000000e+00  5.6078010838e-03  -1.2601213213e-02
7.1500000000e+00  5.3011728615e-03  -1.1934820193e-02
7.1750000000e+00  5.0107784977e-03  -1.1302223850e-02
7.2000000000e+00  4.7357937988e-03  -1.0701779113e-02
7.2250000000e+00  4.4754347521e-03  -1.0131916035e-02
7.2500000000e+00  4.2289556886e-03  -9.5911365268e-03
7.2750000000e+00  3.9956475262e-03  -9.0780112350e-03
7.3000000000e+00  3.7748360886e-03  -8.5911765228e-03
7.3250000000e+00  3.5658804997e-03  -8.1293315742e-03
7.3500000000e+00  3.3681716473e-03  -7.6912356065e-03
7.3750000000e+00  3.1811307166e-03  -7.2757051885e-03
7.4000000000e+00  3.0042077886e-03  -6.8816116620e-03
7.4250000000e+00  2.8368805020e-03  -6.5078786602e-03
7.4500000000e+00  2.6786527761e-03  -6.1534797214e-03
7.4750000000e+00  2.5290535919e-03  -5.8174359917e-03
7.5000000000e+00  2.3876358296e-03  -5.4988140145e-03
7.5250000000e+00  2.2539751608e-03  -5.1967236029e-03
7.5500000000e+00  2.1276689922e-03  -4.9103157899e-03
7.5750000000e+00  2.0083354603e-03  -4.6387808544e-03
7.6000000000e+00  1.8956124735e-03  -4.3813464181e-03
7.6250000000e+00  1.7891568026e-03  -4.1372756102e-03
7.6500000000e+00  1.6886432143e-03  -3.9058652963e-03
7.6750000000e+00  1.5937636503e-03  -3.6864443677e-03
7.7000000000e+00  1.5042264467e-03  -3.4783720874e-03
7.7250000000e+00  1.4197555953e-03  -3.2810364902e-03
7.7500000000e+00  1.3400900432e-03  -3.0938528312e-03
7.7750000000e+00  1.2649830322e-03  -2.9162620815e-03
7.8000000000e+00  1.1942014730e-03  -2.7477294660e-03
7.8250000000e+00  1.1275253578e-03  -2.5877430394e-03
7.8500000000e+00  1.0647472065e-03  -2.4358122981e-03
7.8750000000e+00  1.0056715475e-03  -2.2914668218e-03
7.9000000000e+00  9.5011443288e-04  -2.1542549437e-03
7.9250000000e+00  8.9790298538e-04  -2.0237424424e-03
7.9500000000e+00  8.4887497872e-04  -1.8995112535e-03
7.9750000000e+00  8.0287844957e-04  -1.7811581952e-03
8.0000000000e+00  7.5977134126e-04  -1.6682937041e-03
8.0250000000e+00  7.1942117910e-04  -1.5605405757e-03
8.0500000000e+00  6.8170477715e-04  -1.4575327057e-03
8.0750000000e+00  6.4650797648e-04  -1.3589138256e-03
8.1000000000e+00  6.1372541516e-04  -1.2643362282e-03
8.1250000000e+00  5.8326033040e-04  -1.1734594762e-03
8.1500000000e+00  5.5502439307e-04  -1.0859490885e-03
8.1750000000e+00  5.2893757562e-04  -1.0014751963e-03
8.2000000000e+00  5.0492805388e-04  -9.1971116349e-04
8.2250000000e+00  4.8293214394e-04  -8.4033216216e-04
8.2500000000e+00  4.6289427534e-04  -7.6301369603e-04
8.2750000000e+00  4.4476700180e-04  -6.8743006217e-04
8.3000000000e+00  4.2851105140e-04  -6.1325274204e-04
8.3250000000e+00  4.1409541786e-04  -5.4014871102e-04
8.3500000000e+00  4.0149749535e-04  -4.6777865540e-04
8.3750000000e+00  3.9070325901e-04  -3.9579508455e-04
8.4000000000e+00  3.8170749423e-04  -3.2384032507e-04
8.4250000000e+00  3.7451407764e-04  -2.5154438227e-04
8.4500000000e+00  3.6913631340e-04  -1.7852265354e-04
8.4750000000e+00  3.6559732871e-04  -1.0437347612e-04
8.5000000000e+00  3.6393053280e-04  -2.8675490714e-05
8.5250000000e+00  3.6418014451e-04  4.9015199559e-05
8.5500000000e+00  3.6640179348e-04  1.2916809742e-04
8.5750000000e+00  3.7066320131e-04  2.1228163127e-04
8.6000000000e+00  3.7704494904e-04  2.9888675355e-04
8.6250000000e+00  3.8564133842e-04  3.8955084699e-04
8.6500000000e+00  3.9656135500e-04  4.8488197109e-04
8.6750000000e+00  4.0992974198e-04  5.8553348410e-04
8.7000000000e+00  4.2588819478e-04  6.9220907927e-04
8.7250000000e+00  4.4459668700e-04  8.0566827814e-04
8.7500000000e+00  4.6623494008e-04  9.2673242734e-04
8.7750000000e+00  4.9100404952e-04  1.0562912505e-03
8.8000000000e+00  5.1912828258e-04  1.1953100112e-03
8.8250000000e+00  5.5085706322e-04  1.3448373500e-03
8.8500000000e+00  5.8646716214e-04  1.5060138616e-03
8.8750000000e+00  6.2626511128e-04  1.6800814892e-03
8.9000000000e+00  6.7058986421e-04  1.8683938174e-03
8.9250000000e+00  7.1981572605e-04  2.0724273528e-03
8.9500000000e+00  7.7435557871e-04  2.2937938945e-03
8.9750000000e+00  8.3466443024e-04  2.5342541015e-03
9.0000000000e+00  9.0124331949e-04  2.7957323786e-03
9.0250000000e+00  9.7464361078e-04  3.0803332129e-03
9.0500000000e+00  1.0554717166e-03  3.3903591072e-03
9.0750000000e+00  1.1443942905e-03  3.7283302693e-03
9.1000000000e+00  1.2421439354e-03  4.0970062359e-03
9.1250000000e+00  1.3495254794e-03  4.4994096239e-03
9.1500000000e+00  1.4674228735e-03  4.9388522232e-03
9.1750000000e+00  1.5968067742e-03  5.4189636676e-03
9.2000000000e+00  1.7387428767e-03  5.9437229431e-03
9.2250000000e+00  1.8944010748e-03  6.5174930181e-03
9.2500000000e+00  2.0650655293e-03  7.1450589122e-03
9.2750000000e+00  2.2521457337e-03  7.8316695492e-03
9.3000000000e+00  2.4571886780e-03  8.5830837767e-03
9.3250000000e+00  2.6818922196e-03  9.4056209732e-03
9.3500000000e+00  2.9281197809e-03  1.0306216707e-02
9.3750000000e+00  3.1979165075e-03  1.1292483954e-02
9.4000000000e+00  3.4935270315e-03  1.2372780451e-02
9.4250000000e+00  3.8174150022e-03  1.3556282780e-02
9.4500000000e+00  4.1722845598e-03  1.4853067898e-02
9.4750000000e+00  4.5611039485e-03  1.6274202844e-02
9.5000000000e+00  4.9871314824e-03  1.7831843463e-02
9.5250000000e+00  5.4539441030e-03  1.9539343070e-02
9.5500000000e+00  5.9654687861e-03  2.1411372052e-02
9.5750000000e+00  6.5260170888e-03  2.3464049532e-02
9.6000000000e+00  7.1403231504e-03  2.5715088326e-02
9.6250000000e+00  7.8135854978e-03  2.8183954545e-02
9.6500000000e+00  8.5515130391e-03  3.0892043334e-02
9.6750000000e+00  9.3603756702e-03  3.3862872417e-02
9.7000000000e+00  1.0247059961e-02  3.7122295240e-02
9.7250000000e+00  1.1219130433e-02  4.0698735750e-02
9.7500000000e+00  1.2284897008e-02  4.4623447006e-02
9.7750000000e+00  1.3453489235e-02  4.8930796083e-02
9.8000000000e+00  1.4734938000e-02  5.3658577958e-02
9.8250000000e+00  1.6140265482e-02  5.8848361363e-02
9.8500000000e+00  1.7681584178e-02  6.4545869896e-02
9.8750000000e+00  1.9372205943e-02  7.0801402019e-02
9.9000000000e+00  2.1226762053e-02  7.7670293950e-02
9.9250000000e+00  2.3261335423e-02  8.5213429879e-02
9.9500000000e+00  2.5493606220e-02  9.3497804392e-02
9.9750000000e+00  2.7943012251e-02  1.0259714251e-01
1.0000000000e+01  3.0630925629e-02  1.1259258327e-01


-1.0000000000e+01 1.0000000000e+00
-9.9750000000e+00 1.0584443844e+00
-9.9500000000e+00 1.1243443338e+00
-9.9250000000e+00 1.1848321135e+00
-9.9000000000e+00 1.2394085339e+00
-9.8750000000e+00 1.2876007217e+00
-9.8500000000e+00 1.3289654603e+00
-9.8250000000e+00 1.3630924013e+00
-9.8000000000e+00 1.3896071239e+00
-9.7750000000e+00 1.4081740230e+00
-9.7500000000e+00 1.4184990076e+00
-9.7250000000e+00 1.4203319884e+00
-9.7000000000e+00 1.4134691405e+00
-9.6750000000e+00 1.3977549225e+00
-9.6500000000e+00 1.3730838391e+00
-9.6250000000e+00 1.3394019313e+00
-9.6000000000e+00 1.2967079856e+00
-9.5750000000e+00 1.2450544485e+00
-9.5500000000e+00 1.1845480393e+00
-9.5250000000e+00 1.1153500541e+00
-9.5000000000e+00 1.0376763546e+00
-9.4750000000e+00 9.5179703896e-01
-9.4500000000e+00 8.5803579325e-01
-9.4250000000e+00 7.5676892217e-01
-9.4000000000e+00 6.4842406253e-01
-9.3750000000e+00 5.3347858228e-01
-9.3500000000e+00 4.1245767106e-01
-9.3250000000e+00 2.8593212967e-01
-9.3000000000e+00 1.5451586754e-01
-9.2750000000e+00 1.8863119298e-02
-9.2500000000e+00 -1.2033460702e-01
-9.2250000000e+00 -2.6235183582e-01
-9.2000000000e+00 -4.0643266809e-01
-9.1750000000e+00 -5.5179454640e-01
-9.1500000000e+00 -6.9763222228e-01
-9.1250000000e+00 -8.4312190589e-01
-9.1000000000e+00 -9.8742557681e-01
-9.0750000000e+00 -1.1296954339e+00
-9.0500000000e+00 -1.2690784607e+00
-9.0250000000e+00 -1.4047210830e+00
-9.0000000000e+00 -1.5357738935e+00
-8.9750000000e+00 -1.6613964174e+00
-8.9500000000e+00 -1.7807618959e+00
-8.9250000000e+00 -1.8930620580e+00
-8.9000000000e+00 -1.9975118579e+00
-8.8750000000e+00 -2.0933541491e+00
-8.8500000000e+00 -2.1798642718e+00
-8.8250000000e+00 -2.2563545249e+00
-8.8000000000e+00 -2.3221785004e+00
-8.7750000000e+00 -2.3767352533e+00
-8.7500000000e+00 -2.4194732836e+00
-8.7250000000e+00 -2.4498943075e+00
-8.7000000000e+00 -2.4675567954e+00
-8.6750000000e+00 -2.4720792551e+00
-8.6500000000e+00 -2.4631432407e+00
-8.6250000000e+00 -2.4404960682e+00
-8.6000000000e+00 -2.4039532214e+00
-8.5750000000e+00 -2.3534004306e+00
-8.5500000000e+00 -2.2887954117e+00
-8.5250000000e+00 -2.2101692527e+00
-8.5000000000e+00 -2.1176274358e+00
-8.4750000000e+00 -2.0113504887e+00
-8.4500000000e+00 -1.8915942547e+00
-8.4250000000e+00 -1.7586897796e+00
-8.4000000000e+00 -1.6130428107e+00
-8.3750000000e+00 -1.4551329060e+00
-8.3500000000e+00 -1.2855121569e+00
-8.3250000000e+00 -1.1048035240e+00
-8.3000000000e+00 -9.1369879313e-01
-8.2750000000e+00 -7.1295615773e-01
-8.2500000000e+00 -5.0339743522e-01
-8.2250000000e+00 -2.8590492933e-01
-8.2000000000e+00 -6.1417949841e-02
-8.1750000000e+00 1.6907099570e-01
-8.1500000000e+00 4.0452032253e-01
-8.1250000000e+00 6.4384378381e-01
-8.1000000000e+00 8.8591516137e-01
-8.0750000000e+00 1.1295732113e+00
-8.0500000000e+00 1.3736268424e+00
-8.0250000000e+00 1.6168605046e+00
-8.0000000000e+00 1.8580397623e+00
-7.9750000000e+00 2.0959170278e+00
-7.9500000000e+00 2.3292374277e+00
-7.9250000000e+00 2.5567447759e+00
-7.9000000000e+00 2.7771876252e+00
-7.8750000000e+00 2.9893253679e+00
-7.8500000000e+00 3.1919343591e+00
-7.8250000000e+00 3.3838140305e+00
-7.8000000000e+00 3.5637929691e+00
-7.7750000000e+00 3.7307349282e+00
-7.7500000000e+00 3.8835447444e+00
-7.7250000000e+00 4.0211741308e+00
-7.7000000000e+00 4.1426273181e+00
-7.6750000000e+00 4.2469665162e+00
-7.6500000000e+00 4.3333171699e+00
-7.6250000000e+00 4.4008729817e+00
-7.6000000000e+00 4.4489006771e+00
-7.5750000000e+00 4.4767444880e+00
-7.5500000000e+00 4.4838303325e+00
-7.5250000000e+00 4.4696696674e+00
-7.5000000000e+00 4.4338629953e+00
-7.4750000000e+00 4.3761030073e+00
-7.4500000000e+00 4.2961773423e+00
-7.4250000000e+00 4.1939709509e+00
-7.4000000000e+00 4.0694680468e+00
-7.3750000000e+00 3.9227536366e+00
-7.3500000000e+00 3.7540146160e+00
-7.3250000000e+00 3.5635404256e+00
-7.3000000000e+00 3.3517232597e+00
-7.2750000000e+00 3.1190578239e+00
-7.2500000000e+00 2.8661406393e+00
-7.2250000000e+00 2.5936688934e+00
-7.2000000000e+00 2.3024388388e+00
-7.1750000000e+00 1.9933437451e+00
-7.1500000000e+00 1.6673714076e+00
-7.1250000000e+00 1.3256012227e+00
-7.1000000000e+00 9.6920083762e-01
-7.0750000000e+00 5.9942238845e-01
-7.0500000000e+00 2.1759833714e-01
-7.0250000000e+00 -1.7486307513e-01
-7.0000000000e+00 -5.7648274271e-01
-6.9750000000e+00 -9.8571595935e-01
-6.9500000000e+00 -1.4009580113e+00
-6.9250000000e+00 -1.8205500784e+00
-6.9000000000e+00 -2.2427854198e+00
-6.8750000000e+00 -2.6659158209e+00
-6.8500000000e+00 -3.0881582756e+00
-6.8250000000e+00 -3.5077018785e+00
-6.8000000000e+00 -3.9227148982e+00
-6.7750000000e+00 -4.3313520063e+00
-6.7500000000e+00 -4.7317616298e+00
-6.7250000000e+00 -5.1220934015e+00
-6.7000000000e+00 -5.5005056748e+00
-6.6750000000e+00 -5.8651730766e+00
-6.6500000000e+00 -6.2142940643e+00
-6.6250000000e+00 -6.5460984596e+00
-6.6000000000e+00 -6.8588549268e+00
-6.5750000000e+00 -7.1508783662e+00
-6.5500000000e+00 -7.4205371931e+00
-6.5250000000e+00 -7.6662604722e+00
-6.5000000000e+00 -7.8865448790e+00
-6.4750000000e+00 -8.0799614595e+00
-6.4500000000e+00 -8.2451621620e+00
-6.4250000000e+00 -8.3808861127e+00
-6.4000000000e+00 -8.4859656107e+00
-6.3750000000e+00 -8.5593318176e+00
-6.3500000000e+00 -8.6000201181e+00
-6.3250000000e+00 -8.6071751301e+00
-6.3000000000e+00 -8.5800553434e+00
-6.2750000000e+00 -8.5180373666e+00
-6.2500000000e+00 -8.4206197674e+00
-6.2250000000e+00 -8.2874264861e+00
-6.2000000000e+00 -8.1182098118e+00
-6.1750000000e+00 -7.9128529047e+00
-6.1500000000e+00 -7.6713718564e+00
-6.1250000000e+00 -7.3939172773e+00
-6.1000000000e+00 -7.0807754028e+00
-6.0750000000e+00 -6.7323687152e+00
-6.0500000000e+00 -6.3492560734e+00
-6.0250000000e+00 -5.9321323526e+00
-6.0000000000e+00 -5.4818275899e+00
-5.9750000000e+00 -4.9993056398e+00
-5.9500000000e+00 -4.4856623421e+00
-5.9250000000e+00 -3.9421232071e+00
-5.9000000000e+00 -3.3700406257e+00
-5.8750000000e+00 -2.7708906121e+00
-5.8500000000e+00 -2.1462690903e+00
-5.8250000000e+00 -1.4978877361e+00
-5.8000000000e+00 -8.2756938821e-01
-5.7750000000e+00 -1.3724304257e-01
-5.7500000000e+00 5.7106155142e-01
-5.7250000000e+00 1.2952196770e+00
-5.7000000000e+00 2.0330177977e+00
-5.6750000000e+00 2.7821600471e+00
-5.6500000000e+00 3.5402750381e+00
-5.6250000000e+00 4.3049229694e+00
-5.6000000000e+00 5.0736030055e+00
-5.5750000000e+00 5.8437609053e+00
-5.5500000000e+00 6.6127968740e+00
-5.5250000000e+00 7.3780736124e+00
-5.5000000000e+00 8.1369245362e+00
-5.4750000000e+00 8.8866621384e+00
-5.4500000000e+00 9.6245864678e+00
-5.4250000000e+00 1.0347993694e+01
-5.4000000000e+00 1.1054184732e+01
-5.3750000000e+00 1.1740473900e+01
-5.3500000000e+00 1.2404197573e+01
-5.3250000000e+00 1.3042722822e+01
-5.3000000000e+00 1.3653455990e+01
-5.2750000000e+00 1.4233851189e+01
-5.2500000000e+00 1.4781418694e+01
-5.2250000000e+00 1.5293733194e+01
-5.2000000000e+00 1.5768441887e+01
-5.1750000000e+00 1.6203272383e+01
-5.1500000000e+00 1.6596040401e+01
-5.1250000000e+00 1.6944657225e+01
-5.1000000000e+00 1.7247136900e+01
-5.0750000000e+00 1.7501603150e+01
-5.0500000000e+00 1.7706295991e+01
-5.0250000000e+00 1.7859578022e+01
-5.0000000000e+00 1.7959940370e+01
-4.9750000000e+00 1.8006008282e+01
-4.9500000000e+00 1.7996546338e+01
-4.9250000000e+00 1.7930463265e+01
-4.9000000000e+00 1.7806816360e+01
-4.8750000000e+00 1.7624815483e+01
-4.8500000000e+00 1.7383826624e+01
-4.8250000000e+00 1.7083375036e+01
-4.8000000000e+00 1.6723147911e+01
-4.7750000000e+00 1.6302996611e+01
-4.7500000000e+00 1.5822938438e+01
-4.7250000000e+00 1.5283157933e+01
-4.7000000000e+00 1.4684007718e+01
-4.6750000000e+00 1.4026008867e+01
-4.6500000000e+00 1.3309850810e+01
-4.6250000000e+00 1.2536390773e+01
-4.6000000000e+00 1.1706652755e+01
-4.5750000000e+00 1.0821826052e+01
-4.5500000000e+00 9.8832633226e+00
-4.5250000000e+00 8.8924782147e+00
-4.5000000000e+00 7.8511425574e+00
-4.4750000000e+00 6.7610831229e+00
-4.4500000000e+00 5.6242779768e+00
-4.4250000000e+00 4.4428524239e+00
-4.4000000000e+00 3.2190745646e+00
-4.3750000000e+00 1.9553504759e+00
-4.3500000000e+00 6.5421903154e-01
-4.3250000000e+00 -6.8165362202e-01
-4.3000000000e+00 -2.0494799175e+00
-4.2750000000e+00 -3.4463570283e+00
-4.2500000000e+00 -4.8692733214e+00
-4.2250000000e+00 -6.3151150830e+00
-4.2000000000e+00 -7.7806734959e+00
-4.1750000000e+00 -9.2626518506e+00
-4.1500000000e+00 -1.0757672966e+01
-4.1250000000e+00 -1.2262286805e+01
-4.1000000000e+00 -1.3772978251e+01
-4.0750000000e+00 -1.5286175044e+01
-4.0500000000e+00 -1.6798255829e+01
-4.0250000000e+00 -1.8305558321e+01
-4.0000000000e+00 -1.9804387538e+01
-3.9750000000e+00 -2.1291024109e+01
-3.9500000000e+00 -2.2761732605e+01
-3.9250000000e+00 -2.4212769896e+01
-3.9000000000e+00 -2.5640393497e+01
-3.8750000000e+00 -2.7040869889e+01
-3.8500000000e+00 -2.8410482791e+01
-3.8250000000e+00 -2.9745541361e+01
-3.8000000000e+00 -3.1042388316e+01
-3.7750000000e+00 -3.2297407931e+01
-3.7500000000e+00 -3.3507033919e+01
-3.7250000000e+00 -3.4667757161e+01
-3.7000000000e+00 -3.5776133273e+01
-3.6750000000e+00 -3.6828789988e+01
-3.6500000000e+00 -3.7822434339e+01
-3.6250000000e+00 -3.8753859632e+01
-3.6000000000e+00 -3.9619952184e+01
-3.5750000000e+00 -4.0417697822e+01
-3.5500000000e+00 -4.1144188115e+01
-3.5250000000e+00 -4.1796626348e+01
-3.5000000000e+00 -4.2372333202e+01
-3.4750000000e+00 -4.2868752149e+01
-3.4500000000e+00 -4.3283454542e+01
-3.4250000000e+00 -4.3614144389e+01
-3.4000000000e+00 -4.3858662812e+01
-3.3750000000e+00 -4.4014992173e+01
-3.3500000000e+00 -4.4081259874e+01
-3.3250000000e+00 -4.4055741807e+01
-3.3000000000e+00 -4.3936865472e+01
-3.2750000000e+00 -4.3723212738e+01
-3.2500000000e+00 -4.3413522263e+01
-3.2250000000e+00 -4.3006691557e+01
-3.2000000000e+00 -4.2501778693e+01
-3.1750000000e+00 -4.1898003673e+01
-3.1500000000e+00 -4.1194749436e+01
-3.1250000000e+00 -4.0391562522e+01
-3.1000000000e+00 -3.9488153387e+01
-3.0750000000e+00 -3.8484396378e+01
-3.0500000000e+00 -3.7380329369e+01
-3.0250000000e+00 -3.6176153066e+01
-3.0000000000e+00 -3.4872229982e+01
-2.9750000000e+00 -3.3469083091e+01
-2.9500000000e+00 -3.1967394177e+01
-2.9250000000e+00 -3.0368001864e+01
-2.9000000000e+00 -2.8671899362e+01
-2.8750000000e+00 -2.6880231919e+01
-2.8500000000e+00 -2.4994293992e+01
-2.8250000000e+00 -2.3015526156e+01
-2.8000000000e+00 -2.0945511755e+01
-2.7750000000e+00 -1.8785973296e+01
-2.7500000000e+00 -1.6538768627e+01
-2.7250000000e+00 -1.4205886868e+01
-2.7000000000e+00 -1.1789444153e+01
-2.6750000000e+00 -9.2916791538e+00
-2.6500000000e+00 -6.7149484323e+00
-2.6250000000e+00 -4.0617216080e+00
-2.6000000000e+00 -1.3345763711e+00
-2.5750000000e+00 1.4638066558e+00
-2.5500000000e+00 4.3306491884e+00
-2.5250000000e+00 7.2630806740e+00
-2.5000000000e+00 1.0258143793e+01
-2.4750000000e+00 1.3312800055e+01
-2.4500000000e+00 1.6423935475e+01
-2.4250000000e+00 1.9588366322e+01
-2.4000000000e+00 2.2802844919e+01
-2.3750000000e+00 2.6064065489e+01
-2.3500000000e+00 2.9368670025e+01
-2.3250000000e+00 3.2713254186e+01
-2.3000000000e+00 3.6094373189e+01
-2.2750000000e+00 3.9508547700e+01
-2.2500000000e+00 4.2952269701e+01
-2.2250000000e+00 4.6422008330e+01
-2.2000000000e+00 4.9914215678e+01
-2.1750000000e+00 5.3425332533e+01
-2.1500000000e+00 5.6951794056e+01
-2.1250000000e+00 6.0490035391e+01
-2.1000000000e+00 6.4036497187e+01
-2.0750000000e+00 6.7587631027e+01
-2.0500000000e+00 7.1139904751e+01
-2.0250000000e+00 7.4689807681e+01
-2.0000000000e+00 7.8233855710e+01
-1.9750000000e+00 8.1768596277e+01
-1.9500000000e+00 8.5290613202e+01
-1.9250000000e+00 8.8796531380e+01
-1.9000000000e+00 9.2283021333e+01
-1.8750000000e+00 9.5746803602e+01
-1.8500000000e+00 9.9184652980e+01
-1.8250000000e+00 1.0259340259e+02
-1.8000000000e+00 1.0596994779e+02
-1.7750000000e+00 1.0931124988e+02
-1.7500000000e+00 1.1261433971e+02
-1.7250000000e+00 1.1587632099e+02
-1.7000000000e+00 1.1909437354e+02
-1.6750000000e+00 1.2226575625e+02
-1.6500000000e+00 1.2538780996e+02
-1.6250000000e+00 1.2845796003e+02
-1.6000000000e+00 1.3147371885e+02
-1.5750000000e+00 1.3443268806e+02
-1.5500000000e+00 1.3733256060e+02
-1.5250000000e+00 1.4017112266e+02
-1.5000000000e+00 1.4294625531e+02
-1.4750000000e+00 1.4565593600e+02
-1.4500000000e+00 1.4829823994e+02
-1.4250000000e+00 1.5087134116e+02
-1.4000000000e+00 1.5337351352e+02
-1.3750000000e+00 1.5580313142e+02
-1.3500000000e+00 1.5815867048e+02
-1.3250000000e+00 1.6043870786e+02
-1.3000000000e+00 1.6264192259e+02
-1.2750000000e+00 1.6476709560e+02
-1.2500000000e+00 1.6681310967e+02
-1.2250000000e+00 1.6877894917e+02
-1.2000000000e+00 1.7066369966e+02
-1.1750000000e+00 1.7246654735e+02
-1.1500000000e+00 1.7418677841e+02
-1.1250000000e+00 1.7582377810e+02
-1.1000000000e+00 1.7737702985e+02
-1.0750000000e+00 1.7884611408e+02
-1.0500000000e+00 1.8023070705e+02
-1.0250000000e+00 1.8153057943e+02
-1.0000000000e+00 1.8274559488e+02
-9.7500000000e-01 1.8387570845e+02
-9.5000000000e-01 1.8492096489e+02
-9.2500000000e-01 1.8588149685e+02
-9.0000000000e-01 1.8675752306e+02
-8.7500000000e-01 1.8754934627e+02
-8.5000000000e-01 1.8825735129e+02
-8.2500000000e-01 1.8888200280e+02
-8.0000000000e-01 1.8942384317e+02
-7.7500000000e-01 1.8988349021e+02
-7.5000000000e-01 1.9026163484e+02
-7.2500000000e-01 1.9055903868e+02
-7.0000000000e-01 1.9077653166e+02
-6.7500000000e-01 1.9091500955e+02
-6.5000000000e-01 1.9097543141e+02
-6.2500000000e-01 1.9095881710e+02
-6.0000000000e-01 1.9086624467e+02
-5.7500000000e-01 1.9069884778e+02
-5.5000000000e-01 1.9045781310e+02
-5.2500000000e-01 1.9014437767e+02
-5.0000000000e-01 1.8975982628e+02
-4.7500000000e-01 1.8930548883e+02
-4.5000000000e-01 1.8878273771e+02
-4.2500000000e-01 1.8819298514e+02
-4.0000000000e-01 1.8753768060e+02
-3.7500000000e-01 1.8681830818e+02
-3.5000000000e-01 1.8603638401e+02
-3.2500000000e-01 1.8519345370e+02
-3.0000000000e-01 1.8429108980e+02
-2.7500000000e-01 1.8333088925e+02
-2.5000000000e-01 1.8231447098e+02
-2.2500000000e-01 1.8124347337e+02
-2.0000000000e-01 1.8011955191e+02
-1.7500000000e-01 1.7894437680e+02
-1.5000000000e-01 1.7771963063e+02
-1.2500000000e-01 1.7644700611e+02
-1.0000000000e-01 1.7512820384e+02
-7.5000000000e-02 1.7376493010e+02
-5.0000000000e-02 1.7235889477e+02
-2.5000000000e-02 1.7091180921e+02
5.5511151231e-16 1.6942538427e+02
2.5000000000e-02 1.6790132832e+02
5.0000000000e-02 1.6634134535e+02
7.5000000000e-02 1.6474713310e+02
1.0000000000e-01 1.6312038132e+02
1.2500000000e-01 1.6146277003e+02
1.5000000000e-01 1.5977596784e+02
1.7500000000e-01 1.5806163041e+02
2.0000000000e-01 1.5632139886e+02
2.2500000000e-01 1.5455689833e+02
2.5000000000e-01 1.5276973659e+02
2.7500000000e-01 1.5096150267e+02
3.0000000000e-01 1.4913376563e+02
3.2500000000e-01 1.4728807329e+02
3.5000000000e-01 1.4542595117e+02
3.7500000000e-01 1.4354890133e+02
4.0000000000e-01 1.4165840138e+02
4.2500000000e-01 1.3975590357e+02
4.5000000000e-01 1.3784283382e+02
4.7500000000e-01 1.3592059096e+02
5.0000000000e-01 1.3399054592e+02
5.2500000000e-01 1.3205404106e+02
5.5000000000e-01 1.3011238948e+02
5.7500000000e-01 1.2816687445e+02
6.0000000000e-01 1.2621874888e+02
6.2500000000e-01 1.2426923484e+02
6.5000000000e-01 1.2231952316e+02
6.7500000000e-01 1.2037077301e+02
7.0000000000e-01 1.1842411163e+02
7.2500000000e-01 1.1648063407e+02
7.5000000000e-01 1.1454140293e+02
7.7500000000e-01 1.1260744825e+02
8.0000000000e-01 1.1067976737e+02
8.2500000000e-01 1.0875932482e+02
8.5000000000e-01 1.0684705236e+02
8.7500000000e-01 1.0494384895e+02
9.0000000000e-01 1.0305058082e+02
9.2500000000e-01 1.0116808154e+02
9.5000000000e-01 9.9297152200e+01
9.7500000000e-01 9.7438561546e+01
1.0000000000e+00 9.5593046191e+01
1.0250000000e+00 9.3761310856e+01
1.0500000000e+00 9.1944028641e+01
1.0750000000e+00 9.0141841326e+01
1.1000000000e+00 8.8355359699e+01
1.1250000000e+00 8.6585163914e+01
1.1500000000e+00 8.4831803875e+01
1.1750000000e+00 8.3095799641e+01
1.2000000000e+00 8.1377641860e+01
1.2250000000e+00 7.9677792218e+01
1.2500000000e+00 7.7996683910e+01
1.2750000000e+00 7.6334722136e+01
1.3000000000e+00 7.4692284603e+01
1.3250000000e+00 7.3069722049e+01
1.3500000000e+00 7.1467358787e+01
1.3750000000e+00 6.9885493248e+01
1.4000000000e+00 6.8324398553e+01
1.4250000000e+00 6.6784323078e+01
1.4500000000e+00 6.5265491048e+01
1.4750000000e+00 6.3768103120e+01
1.5000000000e+00 6.2292336986e+01
1.5250000000e+00 6.0838347978e+01
1.5500000000e+00 5.9406269680e+01
1.5750000000e+00 5.7996214537e+01
1.6000000000e+00 5.6608274478e+01
1.6250000000e+00 5.5242521531e+01
1.6500000000e+00 5.3899008444e+01
1.6750000000e+00 5.2577769308e+01
1.7000000000e+00 5.1278820169e+01
1.7250000000e+00 5.0002159657e+01
1.7500000000e+00 4.8747769591e+01
1.7750000000e+00 4.7515615597e+01
1.8000000000e+00 4.6305647716e+01
1.8250000000e+00 4.5117801006e+01
1.8500000000e+00 4.3951996143e+01
1.8750000000e+00 4.2808140013e+01
1.9000000000e+00 4.1686126299e+01
1.9250000000e+00 4.0585836061e+01
1.9500000000e+00 3.9507138307e+01
1.9750000000e+00 3.8449890559e+01
2.0000000000e+00 3.7413939408e+01
2.0250000000e+00 3.6399121063e+01
2.0500000000e+00 3.5405261887e+01
2.0750000000e+00 3.4432178926e+01
2.1000000000e+00 3.3479680428e+01
2.1250000000e+00 3.2547566354e+01
2.1500000000e+00 3.1635628872e+01
2.1750000000e+00 3.0743652847e+01
2.2000000000e+00 2.9871416319e+01
2.2250000000e+00 2.9018690964e+01
2.2500000000e+00 2.8185242555e+01
2.2750000000e+00 2.7370831398e+01
2.3000000000e+00 2.6575212770e+01
2.3250000000e+00 2.5798137335e+01
2.3500000000e+00 2.5039351552e+01
2.3750000000e+00 2.4298598077e+01
2.4000000000e+00 2.3575616140e+01
2.4250000000e+00 2.2870141925e+01
2.4500000000e+00 2.2181908930e+01
2.4750000000e+00 2.1510648312e+01
2.5000000000e+00 2.0856089232e+01
2.5250000000e+00 2.0217959178e+01
2.5500000000e+00 1.9595984278e+01
2.5750000000e+00 1.8989889608e+01
2.6000000000e+00 1.8399399483e+01
2.6250000000e+00 1.7824237733e+01
2.6500000000e+00 1.7264127979e+01
2.6750000000e+00 1.6718793889e+01
2.7000000000e+00 1.6187959426e+01
2.7250000000e+00 1.5671349084e+01
2.7500000000e+00 1.5168688117e+01
2.7750000000e+00 1.4679702754e+01
2.8000000000e+00 1.4204120404e+01
2.8250000000e+00 1.3741669853e+01
2.8500000000e+00 1.3292081451e+01
2.8750000000e+00 1.2855087288e+01
2.9000000000e+00 1.2430421358e+01
2.9250000000e+00 1.2017819722e+01
2.9500000000e+00 1.1617020654e+01
2.9750000000e+00 1.1227764781e+01
3.0000000000e+00 1.0849795215e+01
3.0250000000e+00 1.0482857677e+01
3.0500000000e+00 1.0126700609e+01
3.0750000000e+00 9.7810752835e+00
3.1000000000e+00 9.4457359036e+00
3.1250000000e+00 9.1204396922e+00
3.1500000000e+00 8.8049469779e+00
3.1750000000e+00 8.4990212728e+00
3.2000000000e+00 8.2024293425e+00
3.2250000000e+00 7.9149412709e+00
3.2500000000e+00 7.6363305175e+00
3.2750000000e+00 7.3663739692e+00
3.3000000000e+00 7.1048519860e+00
3.3250000000e+00 6.8515484409e+00
3.3500000000e+00 6.6062507545e+00
3.3750000000e+00 6.3687499241e+00
3.4000000000e+00 6.1388405481e+00
3.4250000000e+00 5.9163208447e+00
3.4500000000e+00 5.7009926671e+00
3.4750000000e+00 5.4926615133e+00
3.5000000000e+00 5.2911365320e+00
3.5250000000e+00 5.0962305246e+00
3.5500000000e+00 4.9077599426e+00
3.5750000000e+00 4.7255448825e+00
3.6000000000e+00 4.5494090760e+00
3.6250000000e+00 4.3791798772e+00
3.6500000000e+00 4.2146882476e+00
3.6750000000e+00 4.0557687362e+00
3.7000000000e+00 3.9022594588e+00
3.7250000000e+00 3.7540020730e+00
3.7500000000e+00 3.6108417521e+00
3.7750000000e+00 3.4726271550e+00
3.8000000000e+00 3.3392103956e+00
3.8250000000e+00 3.2104470092e+00
3.8500000000e+00 3.0861959166e+00
3.8750000000e+00 2.9663193876e+00
3.9000000000e+00 2.8506830020e+00
3.9250000000e+00 2.7391556090e+00
3.9500000000e+00 2.6316092857e+00
3.9750000000e+00 2.5279192938e+00
4.0000000000e+00 2.4279640358e+00
4.0250000000e+00 2.3316250093e+00
4.0500000000e+00 2.2387867611e+00
4.0750000000e+00 2.1493368397e+00
4.1000000000e+00 2.0631657479e+00
4.1250000000e+00 1.9801668940e+00
4.1500000000e+00 1.9002365429e+00
4.1750000000e+00 1.8232737662e+00
4.2000000000e+00 1.7491803925e+00
4.2250000000e+00 1.6778609573e+00
4.2500000000e+00 1.6092226520e+00
4.2750000000e+00 1.5431752732e+00
4.3000000000e+00 1.4796311724e+00
4.3250000000e+00 1.4185052045e+00
4.3500000000e+00 1.3597146773e+00
4.3750000000e+00 1.3031793006e+00
4.4000000000e+00 1.2488211355e+00
4.4250000000e+00 1.1965645441e+00
4.4500000000e+00 1.1463361390e+00
4.4750000000e+00 1.0980647337e+00
4.5000000000e+00 1.0516812926e+00
4.5250000000e+00 1.0071188820e+00
4.5500000000e+00 9.6431262115e-01
4.5750000000e+00 9.2319963366e-01
4.6000000000e+00 8.8371899986e-01
4.6250000000e+00 8.4581170912e-01
4.6500000000e+00 8.0942061302e-01
4.6750000000e+00 7.7449037895e-01
4.7000000000e+00 7.4096744435e-01
4.7250000000e+00 7.0879997153e-01
4.7500000000e+00 6.7793780310e-01
4.7750000000e+00 6.4833241811e-01
4.8000000000e+00 6.1993688875e-01
4.8250000000e+00 5.9270583780e-01
4.8500000000e+00 5.6659539674e-01
4.8750000000e+00 5.4156316457e-01
4.9000000000e+00 5.1756816729e-01
4.9250000000e+00 4.9457081820e-01
4.9500000000e+00 4.7253287880e-01
4.9750000000e+00 4.5141742053e-01
5.0000000000e+00 4.3118878715e-01
5.0250000000e+00 4.1181255794e-01
5.0500000000e+00 3.9325551161e-01
5.0750000000e+00 3.7548559090e-01
5.1000000000e+00 3.5847186800e-01
5.1250000000e+00 3.4218451068e-01
5.1500000000e+00 3.2659474913e-01
5.1750000000e+00 3.1167484360e-01
5.2000000000e+00 2.9739805268e-01
5.2250000000e+00 2.8373860241e-01
5.2500000000e+00 2.7067165606e-01
5.2750000000e+00 2.5817328462e-01
5.3000000000e+00 2.4622043799e-01
5.3250000000e+00 2.3479091697e-01
5.3500000000e+00 2.2386334581e-01
5.3750000000e+00 2.1341714558e-01
5.4000000000e+00 2.0343250810e-01
5.4250000000e+00 1.9389037065e-01
5.4500000000e+00 1.8477239127e-01
5.4750000000e+00 1.7606092478e-01
5.5000000000e+00 1.6773899937e-01
5.5250000000e+00 1.5979029388e-01
5.5500000000e+00 1.5219911570e-01
5.5750000000e+00 1.4495037928e-01
5.6000000000e+00 1.3802958520e-01
5.6250000000e+00 1.3142279992e-01
5.6500000000e+00 1.2511663607e-01
5.6750000000e+00 1.1909823325e-01
5.7000000000e+00 1.1335523952e-01
5.7250000000e+00 1.0787579333e-01
5.7500000000e+00 1.0264850605e-01
5.7750000000e+00 9.7662444982e-02
5.8000000000e+00 9.2907116937e-02
5.8250000000e+00 8.8372452282e-02
5.8500000000e+00 8.4048789493e-02
5.8750000000e+00 7.9926860189e-02
5.9000000000e+00 7.5997774640e-02
5.9250000000e+00 7.2253007728e-02
5.9500000000e+00 6.8684385370e-02
5.9750000000e+00 6.5284071366e-02
6.0000000000e+00 6.2044554682e-02
6.0250000000e+00 5.8958637151e-02
6.0500000000e+00 5.6019421573e-02
6.0750000000e+00 5.3220300222e-02
6.1000000000e+00 5.0554943725e-02
6.1250000000e+00 4.8017290328e-02
6.1500000000e+00 4.5601535517e-02
6.1750000000e+00 4.3302122005e-02
6.2000000000e+00 4.1113730051e-02
6.2250000000e+00 3.9031268128e-02
6.2500000000e+00 3.7049863905e-02
6.2750000000e+00 3.5164855556e-02
6.3000000000e+00 3.3371783369e-02
6.3250000000e+00 3.1666381654e-02
6.3500000000e+00 3.0044570950e-02
6.3750000000e+00 2.8502450496e-02
6.4000000000e+00 2.7036290995e-02
6.4250000000e+00 2.5642527622e-02
6.4500000000e+00 2.4317753302e-02
6.4750000000e+00 2.3058712233e-02
6.5000000000e+00 2.1862293645e-02
6.5250000000e+00 2.0725525794e-02
6.5500000000e+00 1.9645570184e-02
6.5750000000e+00 1.8619716005e-02
6.6000000000e+00 1.7645374779e-02
6.6250000000e+00 1.6720075214e-02
6.6500000000e+00 1.5841458254e-02
6.6750000000e+00 1.5007272319e-02
6.7000000000e+00 1.4215368729e-02
6.7250000000e+00 1.3463697307e-02
6.7500000000e+00 1.2750302157e-02
6.7750000000e+00 1.2073317597e-02
6.8000000000e+00 1.1430964267e-02
6.8250000000e+00 1.0821545384e-02
6.8500000000e+00 1.0243443140e-02
6.8750000000e+00 9.6951152612e-03
6.9000000000e+00 9.1750916874e-03
6.9250000000e+00 8.6819713983e-03
6.9500000000e+00 8.2144193626e-03
6.9750000000e+00 7.7711636136e-03
7.0000000000e+00 7.3509924446e-03
7.0250000000e+00 6.9527517188e-03
7.0500000000e+00 6.5753422916e-03
7.0750000000e+00 6.2177175392e-03
7.1000000000e+00 5.8788809902e-03
7.1250000000e+00 5.5578840571e-03
7.1500000000e+00 5.2538238623e-03
7.1750000000e+00 4.9658411567e-03
7.2000000000e+00 4.6931183258e-03
7.2250000000e+00 4.4348774814e-03
7.2500000000e+00 4.1903786345e-03
7.2750000000e+00 3.9589179466e-03
7.3000000000e+00 3.7398260565e-03
7.3250000000e+00 3.5324664795e-03
7.3500000000e+00 3.3362340758e-03
7.3750000000e+00 3.1505535862e-03
7.4000000000e+00 2.9748782316e-03
7.4250000000e+00 2.8086883735e-03
7.4500000000e+00 2.6514902350e-03
7.4750000000e+00 2.5028146767e-03
7.5000000000e+00 2.3622160282e-03
7.5250000000e+00 2.2292709709e-03
7.5500000000e+00 2.1035774717e-03
7.5750000000e+00 1.9847537637e-03
7.6000000000e+00 1.8724373729e-03
7.6250000000e+00 1.7662841901e-03
7.6500000000e+00 1.6659675829e-03
7.6750000000e+00 1.5711775503e-03
7.7000000000e+00 1.4816199141e-03
7.7250000000e+00 1.3970155488e-03
7.7500000000e+00 1.3170996457e-03
7.7750000000e+00 1.2416210124e-03
7.8000000000e+00 1.1703414032e-03
7.8250000000e+00 1.1030348816e-03
7.8500000000e+00 1.0394872127e-03
7.8750000000e+00 9.7949528290e-04
7.9000000000e+00 9.2286654815e-04
7.9250000000e+00 8.6941850728e-04
7.9500000000e+00 8.1897820061e-04
7.9750000000e+00 7.7138173218e-04
8.0000000000e+00 7.2647381475e-04
8.0250000000e+00 6.8410733645e-04
8.0500000000e+00 6.4414294818e-04
8.0750000000e+00 6.0644867079e-04
8.1000000000e+00 5.7089952121e-04
8.1250000000e+00 5.3737715652e-04
8.1500000000e+00 5.0576953538e-04
8.1750000000e+00 4.7597059580e-04
8.2000000000e+00 4.4787994865e-04
8.2250000000e+00 4.2140258612e-04
8.2500000000e+00 3.9644860445e-04
8.2750000000e+00 3.7293294033e-04
8.3000000000e+00 3.5077512020e-04
8.3250000000e+00 3.2989902203e-04
8.3500000000e+00 3.1023264882e-04
8.3750000000e+00 2.9170791339e-04
8.4000000000e+00 2.7426043388e-04
8.4250000000e+00 2.5782933947e-04
8.4500000000e+00 2.4235708583e-04
8.4750000000e+00 2.2778927981e-04
8.5000000000e+00 2.1407451296e-04
8.5250000000e+00 2.0116420351e-04
8.5500000000e+00 1.8901244625e-04
8.5750000000e+00 1.7757587008e-04
8.6000000000e+00 1.6681350279e-04
8.6250000000e+00 1.5668664274e-04
8.6500000000e+00 1.4715873705e-04
8.6750000000e+00 1.3819526608e-04
8.7000000000e+00 1.2976363377e-04
8.7250000000e+00 1.2183306369e-04
8.7500000000e+00 1.1437450037e-04
8.7750000000e+00 1.0736051575e-04
8.8000000000e+00 1.0076522046e-04
8.8250000000e+00 9.4564179686e-05
8.8500000000e+00 8.8734333372e-05
8.8750000000e+00 8.3253920601e-05
8.9000000000e+00 7.8102407852e-05
8.9250000000e+00 7.3260421002e-05
8.9500000000e+00 6.8709680850e-05
8.9750000000e+00 6.4432941987e-05
9.0000000000e+00 6.0413934834e-05
9.0250000000e+00 5.6637310672e-05
9.0500000000e+00 5.3088589525e-05
9.0750000000e+00 4.9754110712e-05
9.1000000000e+00 4.6620985952e-05
9.1250000000e+00 4.3677054851e-05
9.1500000000e+00 4.0910842662e-05
9.1750000000e+00 3.8311520171e-05
9.2000000000e+00 3.5868865590e-05
9.2250000000e+00 3.3573228339e-05
9.2500000000e+00 3.1415494595e-05
9.2750000000e+00 2.9387054505e-05
9.3000000000e+00 2.7479770952e-05
9.3250000000e+00 2.5685949759e-05
9.3500000000e+00 2.3998311245e-05
9.3750000000e+00 2.2409963028e-05
9.4000000000e+00 2.0914373972e-05
9.4250000000e+00 1.9505349191e-05
9.4500000000e+00 1.8177006007e-05
9.4750000000e+00 1.6923750785e-05
9.5000000000e+00 1.5740256531e-05
9.5250000000e+00 1.4621441181e-05
9.5500000000e+00 1.3562446472e-05
9.5750000000e+00 1.2558617316e-05
9.6000000000e+00 1.1605481575e-05
9.6250000000e+00 1.0698730134e-05
9.6500000000e+00 9.8341971865e-06
9.6750000000e+00 9.0078406218e-06
9.7000000000e+00 8.2157224085e-06
9.7250000000e+00 7.4539888655e-06
9.7500000000e+00 6.7188507021e-06
9.7750000000e+00 6.0065627083e-06
9.8000000000e+00 5.3134029617e-06
9.8250000000e+00 4.6356514172e-06
9.8500000000e+00 3.9695677292e-06
9.8750000000e+00 3.3113681518e-06
9.9000000000e+00 2.6572013449e-06
9.9250000000e+00 2.0031229057e-06
9.9500000000e+00 1.3450684268e-06
9.9750000000e+00 6.7882486666e-07
1.0000000000e+01 0.0000000000e+00
